OUT	1	18	19	21	22	12	13	14	8	26	16	32	35	38	39	3	10	5	6	7	9	2	33	23	24	25	27	15	36	37
3d80710fb18afb303baf125753fd7ac8	10898	24480	48319	17651	27317	4730	3710	4787	9947	10207	1594	16235	22025	46818	4810	18085	30572	44681	20451	21843	22061	76605	21520	3209	2959	11256	8488	16093	56350	9199
d55aec9ec60a4e3097c3c3953dae8773	17795	25686	9142	35761	2576	75231	25667	29080	6944	42782	40067	9566	106	603	28511	6234	6573	6542	27671	2049	2541	31765	34916	26187	0	83648	988	0	7864	12692
f80a17436037d706dc728dd265b7c21e	3432	18512	22873	5359	9659	2030	5326	4801	5095	16583	2804	9285	10023	20790	8153	5282	10991	14217	47139	5680	3761	28691	20991	4451	1161	6138	2376	1371	26642	10396
f5487404313a4fb57bc3489c167e9a37	7771	14742	5410	20845	1470	37521	12954	13685	3897	20314	19992	5319	0	299	13459	3621	3520	3763	15669	1052	1430	18153	14438	13275	0	37876	564	0	3985	7020
b3fef1e26b7b6ac20847ede4da68547a	118	211	99	53796	6049	110	266	58	221	0	0	2200	161	324	367	8331	18027	23881	10667	6712	6363	21684	11050	824	0	818	179	1666	86	22745
ba53aaf1e742e7d9bf5d5f336ca52ca9	7628	1360	15872	9201	15846	3122	668	60	3224	696	110	385	4401	7043	146	11755	6115	11133	2672	9758	4649	28433	807	264	219	9391	3962	3777	21352	923
d3211b7a04e5fb36a383450b8f5710e2	1000	43295	931	2814	1851	81	76	209	224	480	0	1323	175	8554	690	434	10801	815	3944	1122	8388	26738	1728	404	868	2494	271	4741	5060	1343
08c92baa0290e451ea255f6020e44739	436	795	3965	2018	3900	1023	518	811	265	2322	123	1009	519	10725	17	11785	669	7036	2101	4745	3552	10520	324	202	1342	5607	3312	448	8690	117
6bc890a2012bca332b9d5c43905d1aae	1706	2270	3865	3991	3515	1381	1294	1097	1089	2392	573	309	3095	4273	220	2158	3124	7827	5353	3367	1773	11022	2042	408	514	2778	1563	696	10036	1935
3af2197bbd2daf9be46127b58559c91f	2790	2276	1514	5035	330	10456	12648	995	729	2224	5436	907	520	2647	4719	1043	847	2440	3445	901	345	7375	2452	2040	0	165	5286	21	2317	47
41b518f17927240fdfd1465cd351afc4	1310	1930	4951	282	616	676	368	1799	1137	8686	1542	1258	376	6563	1882	423	4636	5020	8378	241	625	7035	8216	1921	595	2174	666	274	958	1215
10df701d47286a6ed30c544e219c87f4	967	2930	5963	1351	2925	368	624	756	819	1411	521	1536	2191	4346	1317	2017	1837	3734	5845	1198	1803	6698	3057	579	107	962	596	810	5005	2802
2eb7bab7b0af702e4f18358968a8f7ff	1004	2988	1203	2541	425	6556	1738	8967	305	1212	4855	314	1757	176	1939	2488	843	2623	1345	780	970	4221	50	1820	243	1232	1946	125	3118	4400
7a08a37eff6224b432a537907a0cec2c	945	1455	5386	1981	2855	523	413	365	802	573	202	865	1364	3401	630	4632	1262	8077	3271	1841	1128	5850	1479	277	198	1492	930	510	3953	1243
27e5a0119bf0f99608903f79f07ce884	2534	3776	2931	1779	2729	1000	279	551	1030	1209	594	826	64	1341	870	0	1409	4534	3965	1786	1821	5141	3661	483	168	84	420	48	3160	2366
310e1b0125888ac49bf01d4fc73500d5	827	1778	3303	1433	700	495	368	479	868	1108	295	790	1792	4764	741	2122	932	2082	3564	1320	1877	3345	3387	420	213	2433	1093	1693	4448	1509
1141f30eddb626a3a1151a19445eadfe	67	19	54	17305	719	85	47	1695	41	3	0	141	1818	77	48	1653	140	4359	1012	3047	1603	4310	25	0	0	57	120	559	9369	1027
c2cac7ce4200877d49ef4a0f53183000	0	0	0	640	0	0	0	0	0	0	0	0	41449	0	6	0	0	0	0	0	0	0	0	0	0	0	8	2697	0	0
00e2a4692367d37329fb9e908285f0ef	30	185	70	7710	1016	62	124	109	7	0	14	52	1214	239	80	998	308	10027	99	848	676	15249	15	0	0	38	256	13	461	817
f3f979bdba595bc673cd646533a78894	1253	3084	446	3558	182	2974	800	294	1109	2144	873	289	221	2245	86	1230	168	1695	3720	608	946	1335	3226	1268	161	3312	604	757	438	1129
496dfdc9b508213f9190c658f2271a45	2239	3474	0	706	313	884	9	0	0	433	11	0	1261	138	0	0	440	1072	733	0	510	13319	121	0	0	1183	0	864	4342	8072
f002e38adcccc245fb0102cd84080014	0	66	0	0	456	27	94	0	43	0	0	0	0	513	0	8400	6090	3237	4604	341	1602	1079	5229	410	0	1185	8	168	0	6031
62c2500c7c10f9b15af76d633cd7ae2a	303	178	1959	57	1345	451	169	355	192	6400	53	498	602	8331	73	302	313	625	1418	534	704	1307	454	39	1121	1050	259	1506	7347	490
c348a7cc121fa43fb14ca92cc4273c2e	144	224	15	2731	439	0	102	0	110	0	0	436	0	232	198	2233	5483	1046	3342	1797	3358	3151	3970	333	0	493	142	2705	11	2926
9122e867c908301e783c5ce0c3bf12e0	19	0	3	0	151	0	27	12	0	0	0	0	437	0	0	36	38	3440	0	5896	11982	936	0	0	0	0	192	1045	9272	0
387717ee717e81644a3dcdfc28d0f9d3	1764	78	1298	384	50	3846	116	18	272	528	2318	661	578	830	1647	121	72	83	1231	58	99	437	482	704	181	11168	1112	0	2522	511
a7e4148b858fd66eee6949bf39c699a7	990	1053	3061	699	836	493	289	139	478	116	66	208	1453	3217	1333	251	592	1031	1319	624	782	1856	3074	92	119	1270	501	1604	3154	1931
592d811b7f858f4a96a31d571feb0cb9	395	1638	3139	996	1437	159	174	139	434	317	74	603	534	2216	436	1088	792	2479	1389	1248	720	4573	1759	179	85	433	275	595	1463	1034
22778adf788733c37bfa5fa55688dfe6	356	1543	2918	950	1377	137	145	127	429	295	91	556	577	2358	478	1133	748	2262	1228	1157	629	4289	1635	141	95	355	264	569	1580	853
ac5402de1ddf427ab8d2b0a8a0a44f19	903	1850	2800	65	40	119	226	149	983	1827	269	175	244	1259	422	190	911	774	2421	1491	104	864	2494	299	1188	1244	132	502	1422	705
34f5e40f9fb2818d0692b993e5c9b923	220	6825	168	616	372	0	0	0	0	88	0	256	0	1699	115	84	2249	153	413	220	1683	6178	319	72	172	478	0	938	999	275
750cf8f7e1e65859023896e927a40b49	340	210	378	314	14	2556	868	1583	145	826	954	159	123	816	479	122	176	290	822	117	53	473	656	474	87	6835	263	335	284	274
364506be6c9449c5f49eb48125651017	241	725	1141	288	106	81	134	49	181	277	189	1307	175	334	452	865	429	1188	3463	580	278	1545	2705	623	35	540	13	98	92	831
ed7a767b5c636310d62d120f2add8934	411	278	1059	685	1168	97	81	103	83	27	47	102	1913	2185	138	3257	167	1459	812	457	457	1274	530	26	15	334	19	15	1232	521
b0a528871e7461bbf8dfa28fd56839da	28	2781	908	0	0	0	70	70	0	0	236	678	0	1485	783	236	145	330	2818	145	265	572	2282	361	6	65	0	297	0	3309
86a5469c5fae206d8af2cf122b1f45a3	268	854	354	633	110	2072	516	2552	90	327	1320	91	535	56	587	762	236	682	360	216	291	1152	17	531	81	363	584	31	852	1257
afa1da45d4a7ec83f10a3b990ab36445	1115	1210	73	3894	60	670	0	174	270	121	128	0	88	234	165	579	382	568	649	261	284	1293	344	134	166	2124	88	650	337	1104
76e299ccb38c3f559204729727d6f101	1001	1501	326	3516	117	750	103	1223	661	649	331	178	0	76	0	851	429	904	669	281	251	1014	85	300	171	743	0	0	400	368
f31aab4ff2dba1e72d9ea251e447844d	186	599	645	262	1325	226	144	173	170	656	62	606	552	1490	112	249	320	2166	816	437	428	2356	280	48	42	202	200	358	1436	312
5269181ddec0b7d541daa2f9b582922b	399	1038	1474	612	674	111	77	66	248	228	109	223	416	861	189	676	505	1092	1089	771	669	1887	652	62	54	720	169	267	713	312
fba43f263a40d5a9cc7f37f1551b13f9	1087	303	214	923	46	854	57	401	158	372	209	90	99	1006	369	181	203	379	519	134	171	756	1266	216	94	4325	314	277	733	285
b0a5cf49eb335093c26cd2649fb7685a	196	77	177	268	14	1682	1109	448	39	74	405	445	705	448	902	78	24	281	1094	67	56	1008	405	131	68	3302	996	484	250	288
69daba25ea14c6a21a7bf2fcc5fae18e	217	1716	207	990	129	762	0	1096	110	2904	502	431	0	245	25	179	113	219	399	134	314	1149	790	23	50	2038	0	218	407	40
4de9c7593d2df221b24f6df130de40e1	455	744	289	1100	0	2039	708	736	0	1013	1065	0	0	0	710	0	220	0	814	0	0	950	764	702	0	2102	0	0	0	420
c162a4f3943238810eba8a25f0563cca	289	854	1250	278	37	284	151	382	258	384	94	273	202	437	236	959	308	597	716	1658	627	1308	527	49	57	327	97	243	1215	267
5b1750668beb749e3c44200ee94d55c6	0	776	1164	514	701	0	0	0	0	314	0	395	666	1229	0	385	660	967	643	487	513	1705	621	0	0	374	0	365	1397	280
2c1783758f980294621489a913a2b3b7	423	455	314	326	60	230	48	258	115	1203	134	0	20	233	420	64	309	659	246	50	157	530	338	599	88	5148	78	222	475	183
fa497f30b989faffb3d077709fcf1a6e	326	1285	1267	396	372	148	66	32	317	269	58	362	196	1079	117	489	450	868	553	462	363	1745	390	92	106	223	196	265	298	317
3b5401345151054bcf7c51e27b714513	748	226	267	1288	99	501	53	795	143	834	268	165	35	271	459	487	315	215	499	146	61	645	354	117	40	3005	114	69	390	220
c89778a6adac9d453c87aa7667a8b971	171	268	268	238	216	1024	209	834	111	550	584	158	113	771	440	433	260	354	336	155	77	690	661	108	102	1467	289	229	485	267
4ce5737e69c8373fe15e027d0ed93eb1	769	0	1445	884	1466	0	0	0	0	0	0	0	0	0	0	1169	0	1063	0	950	0	1830	0	0	0	0	0	0	1876	0
d79bb5d81b2a330fb43a44dc5228799f	298	243	251	228	342	156	80	214	0	103	263	249	112	533	258	153	71	254	331	36	109	181	1205	65	21	1180	70	2766	1291	87
6b90b86f5da836f13c0ee2f67132e12a	303	270	561	359	808	86	34	44	146	61	20	100	276	407	80	503	230	1459	541	492	336	2025	370	61	24	154	67	148	486	404
926708e33d1ebf1a9da757f78c673190	116	204	196	252	83	926	246	359	89	897	538	188	68	202	390	269	159	239	884	112	30	181	600	144	41	2050	197	81	304	261
7773588b3cec0567fe4b6b78ee85afa5	0	0	0	10202	0	0	0	0	0	0	0	0	0	0	0	0	0	0	0	0	0	0	0	0	0	0	0	0	0	0
594de23e3fd972a2867119ed1a8ae9ad	130	695	618	437	182	67	91	42	61	181	37	268	406	581	317	232	298	790	339	114	174	1464	264	108	43	142	44	10	1305	602
92ae272884c88aa3be9a5800f2836740	778	910	41	2139	202	414	136	346	173	32	256	32	154	106	232	162	65	783	265	88	59	1076	119	165	0	715	98	278	125	90
397731e49550c271ca821c5d04dc97d4	0	1670	522	0	0	0	0	0	0	23	151	411	0	811	450	37	88	183	1724	0	0	391	1265	246	0	0	0	151	0	1916
b54ee444b20674aac889ede17b4ca2cb	147	415	623	527	198	119	188	44	78	57	35	74	833	1475	46	857	217	541	233	291	236	764	204	27	31	703	141	55	690	185
7b15c3bd0f23cb652c8f96bb85fbc464	0	1753	503	0	0	0	0	0	0	0	111	403	0	767	399	39	82	180	1710	0	0	372	1215	216	0	0	0	146	0	1969
96c2151f4b12e51530b389178a80d440	258	363	992	208	287	80	38	106	62	373	13	72	364	864	20	490	141	1268	332	271	269	1355	193	41	55	276	84	102	560	69
e94776066de6ff852fc7a43e7a0626cd	612	285	0	908	97	808	254	585	294	24	487	228	38	213	127	260	165	258	604	106	145	608	609	26	5	662	128	510	107	228
6ba2467145ea8cbd34de0d351e096fa7	490	142	274	63	45	237	272	513	156	451	559	86	248	832	126	237	183	54	289	179	0	80	333	518	98	483	113	1237	701	205
63a37b4505b068922f8d546e258e379c	646	574	305	435	115	317	199	438	130	229	246	162	53	226	320	184	53	154	177	81	124	265	463	203	59	697	413	221	215	277
6689cc067754fa14964e70c77ae9ce0a	0	18	0	26	0	0	58	18	0	0	0	0	134	311	0	0	0	0	0	0	0	0	0	0	17	6082	132	788	0	0
ebbd095037fc8c5792965c71d58966d8	0	532	0	739	0	886	531	316	0	461	474	0	0	0	342	0	0	0	625	0	0	689	342	585	0	956	0	0	0	0
ae4fe244f7b77be6848aeaf132b6b724	381	781	99	819	51	1390	101	674	52	294	613	113	0	0	266	184	156	118	193	119	39	690	0	12	0	0	0	0	0	315
98725c11aa32b15374c6bc4f555b2f7f	0	638	693	0	0	0	0	0	0	526	0	270	295	606	0	0	345	414	1070	0	0	796	631	0	0	0	0	0	796	313
7b2758b79ea93bae96664ca0afb33a9e	87	484	663	192	108	179	59	122	69	160	123	298	148	651	315	169	123	305	512	147	267	598	554	102	53	357	35	87	115	295
2e8d008f50dadbc5669e0a605fee6ffc	257	416	405	649	57	223	0	291	66	352	273	165	0	131	161	74	206	245	377	23	39	466	252	405	0	1365	0	10	104	230
656326d89791c753746563843909ebf2	191	655	222	497	347	105	89	72	62	82	95	91	197	293	135	214	161	913	275	229	223	774	135	50	26	171	178	118	345	195
b347c047f92514e7459a800f31b8a0c6	0	516	170	605	0	1133	416	0	0	592	587	0	0	0	452	0	0	0	476	0	0	591	0	458	0	1135	0	0	0	0
2e8ee5afc42806e5858ada5405f72f00	456	519	0	1167	0	265	0	472	246	594	201	0	0	0	131	290	204	356	243	114	90	407	100	147	0	576	146	0	218	172
e8b1ac379291fd9d1a6e9de8a7d88086	0	537	931	393	0	0	0	0	0	232	0	0	493	885	0	0	321	529	486	0	253	832	502	0	0	0	0	0	636	0
ea298a4489230dca9c52845c38ac88d2	338	220	163	394	75	369	84	168	58	214	167	159	106	1770	252	81	132	77	310	127	87	104	591	38	57	449	0	116	175	116
8f671e6cc58117b2aec73341c0bb5dad	164	417	156	494	48	209	50	132	117	241	1093	106	0	300	251	197	264	181	259	51	53	464	395	150	0	257	221	84	243	381
5aeff63377cc03a5815fcd5a0ee731c3	43	92	61	60	34	405	411	933	53	291	338	70	81	336	130	182	73	241	340	68	26	193	232	78	27	1622	200	76	141	124
7069d1ba735fd4d5199050b4c100bea7	393	786	200	1392	6	132	333	153	72	443	23	0	36	271	417	40	26	120	0	16	0	49	148	251	17	1117	11	173	221	44
7f3f2047bb8da06e4776cb75b23d31bc	201	435	154	432	64	230	88	274	143	312	304	89	53	111	168	110	165	71	0	58	106	271	177	64	25	1676	41	241	102	245
0b1e4030b63b5cceeebb601d78c02a5d	673	288	103	633	277	476	254	444	128	66	207	35	0	63	265	0	0	191	159	0	86	405	116	0	0	648	207	192	399	49
9cb9e1eae29d219c9e3c7fa4c0089143	94	589	354	161	219	40	31	20	109	80	24	70	177	252	66	517	210	437	561	198	191	764	440	52	21	216	65	73	89	237
e014a27d4beb4fa63a394ae8a839d185	190	212	655	285	440	27	25	60	125	99	24	36	148	231	55	365	139	569	358	221	331	566	270	29	34	133	92	108	307	141
527dd0640be2156a741a3b900eed0de4	155	368	628	149	128	51	47	57	120	126	33	93	188	412	75	120	127	589	534	130	159	490	363	57	16	130	54	123	295	268
2ef57dab754f7e1cbcdc71321a2eb475	0	327	0	349	0	382	27	0	0	0	0	0	169	691	488	0	0	0	1570	0	0	0	0	0	40	1468	0	120	54	204
36be43c248f8e4a7b60a4739cd8dd932	77	79	160	44	41	567	119	285	63	508	370	70	26	143	211	197	114	119	348	68	0	238	375	142	34	863	100	69	243	165
8652675b6d806e787e02e018743c212b	219	186	382	82	517	112	115	77	72	134	74	42	140	605	109	232	83	205	320	100	63	293	493	0	78	177	147	86	464	108
4ce7fc0cd8c014fb6e0a8d3b1d01ca6b	106	277	113	408	0	800	176	216	95	435	257	0	0	0	292	46	211	77	327	0	0	492	339	290	0	601	0	0	0	155
8ec79853a4a88bc6b81f94ab523566b4	0	367	373	363	32	378	479	281	60	53	285	154	156	110	295	150	142	136	95	103	48	357	299	285	0	46	105	0	286	215
c3e85f243577dfabe53528f7dc61baf7	0	161	0	88	49	0	76	238	0	131	0	75	425	751	0	0	0	69	0	0	0	0	0	0	169	1940	69	1153	168	38
370f2cf2716730b0f3642c5e3fadd6c1	0	0	0	543	34	0	0	15	0	0	0	85	0	0	40	145	740	119	643	259	669	367	856	77	0	89	0	380	0	538
b6985598d3f4a9b830bbe1c6a665f5fe	15	199	124	85	440	7	22	32	17	13	5	26	140	77	15	337	170	1153	224	307	139	1581	11	0	0	57	108	49	183	27
9c16363cacd0ce232469c37d8a89466a	499	240	77	359	105	209	90	235	88	264	184	42	36	143	121	78	98	142	139	50	66	322	99	98	11	1323	39	88	195	81
9db67f5da0865507e35bec77676d5895	128	100	166	48	45	389	106	288	112	344	173	106	0	285	229	115	64	75	424	41	44	179	216	134	42	1239	81	61	111	107
786dd028d69f88903aae9892ffe12dc9	123	166	153	348	0	536	137	167	0	149	113	122	45	378	150	71	136	160	394	59	0	261	474	63	0	647	171	84	158	144
2ca34059456360f4888964a7f0c0694a	113	250	238	94	70	48	29	37	48	159	27	71	154	357	63	283	88	407	258	293	260	507	201	45	25	133	0	20	536	245
34948188149de76cb8db67376711ff5a	424	373	98	57	19	0	0	203	0	744	42	0	331	372	0	0	0	0	0	0	109	0	0	0	0	2063	0	107	96	0
163c72d248fa0ef9d229a942d8bd1c2f	0	442	648	0	0	0	0	0	0	0	0	0	359	626	0	0	372	636	0	0	275	901	0	0	0	0	0	0	724	0
25def15fb42bed6855ede4893d27a21d	0	0	0	0	0	0	0	0	0	0	0	0	0	0	0	0	0	10	0	0	0	0	0	0	0	2	0	4962	0	0
6968c232749a19dabc97b18ebb4aeacf	224	107	213	446	0	666	82	47	12	166	389	141	0	224	112	18	6	0	121	16	23	26	632	112	0	606	39	157	176	84
b27900683f78ffffe3efe328fd473083	0	0	0	1125	174	0	0	0	0	0	0	0	0	0	0	238	546	704	296	199	0	583	343	0	0	0	0	0	0	500
4468ae469c1cf843bb4689aa493eecaf	449	75	60	97	102	60	163	978	115	352	277	107	45	19	45	0	36	106	186	14	67	625	111	68	0	73	46	125	60	38
6631962028deadb13ab2ab64b17297ff	210	263	377	31	54	303	47	40	63	662	99	67	0	52	0	76	5	8	159	0	24	47	198	32	18	1099	54	17	300	121
3b3911ebf489800d79dfdeae7478d9aa	39	149	305	226	118	461	59	364	13	40	333	38	23	373	70	50	34	76	174	23	53	297	169	20	12	131	187	85	216	92
4b1c99e368615509c0e6f4d3963b226b	81	337	531	108	156	0	0	0	117	68	0	99	93	277	0	225	160	335	202	209	155	673	138	0	0	0	0	0	137	127
b930d6802dcff03f0087cf3ed5cb061d	49	79	194	115	70	44	20	17	34	99	17	61	160	897	13	94	98	427	225	210	159	534	34	19	29	176	54	66	29	62
5cfa7f79b7e252a73fa069c5b2c957bd	109	120	282	74	168	53	30	47	59	73	27	26	129	443	34	178	95	204	230	125	107	391	198	28	22	257	66	88	213	127
ea0217db29571d2d316a1e4da56b8a01	147	92	196	90	198	135	77	47	54	94	36	20	87	542	78	168	45	145	257	115	64	243	120	25	43	315	80	118	230	118
dd4c6a1d6cb7e77c0253cbc6c9b4ae75	123	597	57	563	0	590	233	473	0	0	531	128	0	0	185	17	0	36	39	0	15	19	0	0	0	62	49	31	16	175
3b95e0f1591eaba498597929fe306cc2	55	48	0	75	0	0	0	65	0	54	151	0	0	661	175	30	145	341	303	0	67	194	0	0	0	449	81	826	153	0
ef467d766ba05adf651d1fc6a30cba06	266	31	170	1029	42	341	133	292	112	194	280	25	0	174	26	89	62	89	0	54	43	99	58	0	16	49	17	40	35	18
0d86650fe5e398d9b13a89fa25b6a69a	208	168	40	192	22	68	108	88	45	172	150	101	45	106	132	165	34	285	227	0	35	300	159	140	27	315	92	176	44	139
9c8a72a5a1ba4d23a8e06b454305b5fb	18	81	0	147	305	27	29	0	13	93	0	14	271	452	0	0	40	434	132	50	126	513	0	0	30	50	177	63	707	0
8e1647c86092bfaf2243f91f0400366b	0	413	272	0	0	0	0	0	0	345	0	0	0	449	0	0	0	0	519	0	0	602	485	0	0	0	0	0	606	0
43f9dcebb22bcc6e3c64a3b9420c903d	72	0	129	84	59	391	86	324	36	347	103	28	59	363	55	61	0	44	180	32	0	124	54	30	47	642	34	82	155	34
4270f18e5d233d60a9e9f022d634b07a	46	23	60	78	0	208	61	313	0	105	260	55	107	346	73	42	25	55	86	0	14	46	24	92	39	1028	199	54	49	88
748c2adbeefb058be9895552568c6940	26	727	46	631	0	147	0	140	0	43	167	0	29	99	0	58	97	130	69	0	73	571	121	105	0	34	17	48	48	146
a401d8b32d4bb83ae020fc626b454b98	0	0	0	0	0	0	367	0	0	0	0	0	660	2008	0	0	0	0	0	0	0	0	0	0	59	457	0	0	0	0
34a8f64c050eb72ab8e6bdfecd7bbec1	66	156	714	225	137	33	21	40	39	45	15	88	84	228	55	20	116	292	111	85	49	474	182	18	0	40	0	46	82	49
3c7d430222d68c68a505a56036eff624	0	0	0	0	0	1314	0	0	0	0	0	0	0	0	0	0	0	0	0	0	0	0	0	0	0	2190	0	0	0	0
b386790f27f9977d0471b969505aa6e8	0	0	0	0	0	0	0	0	0	0	0	0	344	593	0	0	496	558	0	0	0	802	0	0	0	0	0	0	651	0
bfb2ed4f6db01a88b0c9c38933e304bc	71	41	56	83	0	304	131	304	0	157	160	48	54	42	162	40	43	65	112	38	0	138	136	51	0	668	81	59	111	124
8aa70d0c06e8da0b4c0ea2eba6308983	140	269	0	185	44	597	0	166	128	0	179	0	0	0	71	0	0	78	249	0	0	179	567	0	0	0	0	0	96	243
847fa5c2b3eca67a001b1e1954ec2051	59	0	110	0	0	172	61	104	0	209	160	76	35	145	62	188	46	122	246	43	0	196	144	0	0	620	53	0	126	61
1e4a5efee1e3eafdc34bfeac43b6639c	0	0	0	500	0	0	0	0	0	0	0	79	0	0	0	0	230	0	415	128	373	138	604	0	0	81	0	199	0	282
8ad404978feb9aa55509ecb22e6aad46	65	41	71	0	0	378	40	90	26	91	229	27	0	71	94	47	76	43	78	19	0	114	108	28	0	983	35	67	91	82
cbb8942a79c06d53241da3fe41bc611e	222	141	53	423	61	85	61	92	78	0	46	30	0	132	47	43	48	62	113	32	56	114	117	117	49	388	60	153	21	49
fa73fd704b69299aad7876bb8b76ad7a	0	193	30	261	0	87	135	186	0	18	74	53	44	326	22	0	46	153	0	15	50	271	106	30	0	267	100	289	94	42
6bbaf2d026d54c61f24b5c5483e56842	58	91	191	0	147	97	0	56	45	122	0	0	115	89	18	290	35	112	151	152	89	154	84	11	37	270	89	29	293	38
d221616aeb116902a5b370ca40d1596b	144	104	188	134	147	55	16	25	90	64	16	0	29	72	41	123	65	187	217	99	83	336	280	8	0	85	25	19	151	43
9fe6b4ce082e3e5e4d760b6db9e974f5	0	0	423	0	0	0	0	0	0	0	0	0	199	0	0	0	0	244	608	0	0	454	380	0	0	0	0	0	438	0
e02d67fbaea4da64b386b48e2c03c295	0	0	0	707	0	0	0	0	0	0	0	0	0	0	0	0	0	903	0	0	0	1050	0	0	0	0	0	0	0	0
0444decea04265abf48bcb720b69520e	20	86	32	84	21	85	167	93	0	0	43	22	128	799	196	0	0	31	0	0	0	0	60	0	0	243	140	0	174	232
b5dfffbdf766b0abcc59c2b84315bac6	76	114	65	128	92	0	0	52	55	0	29	0	50	142	0	143	117	319	177	145	117	357	38	25	10	107	45	23	140	87
ae6c677ba00083b8792d018fdeafdebf	0	0	0	1320	0	0	0	142	0	0	0	0	0	0	0	75	0	363	0	247	72	186	0	0	0	0	0	0	217	0
aa32485fe66718af2e28f700fa04af83	326	379	39	167	28	47	145	343	24	59	85	0	31	131	13	88	23	80	39	72	75	55	0	0	9	70	85	39	111	13
9e470b8db1cfedb57e350146e48f9a9e	109	30	37	72	0	171	0	107	24	52	278	58	43	97	157	79	26	105	348	13	11	102	170	13	14	111	35	29	92	104
3aa40e565f980baad9e4a0c574c2c5c2	137	167	101	114	64	51	0	31	29	68	88	42	80	167	59	75	10	79	161	25	53	146	197	29	12	292	10	34	27	101
ce1e70b616c45b2c333e2242260a38eb	58	103	137	0	53	54	114	485	0	222	147	16	55	51	48	89	60	136	55	0	20	266	58	0	0	0	77	0	78	66
3f9392790fb73a9e460eadc945ce0701	122	33	275	28	65	12	0	5	40	28	8	7	26	353	0	447	34	46	132	38	65	70	243	16	39	124	21	0	72	49
ef53d3c1647ea09b6bbc072b22fbe8cc	0	0	0	0	0	0	0	0	0	0	0	0	0	0	0	0	0	0	0	0	0	1360	1035	0	0	0	0	0	0	0
7e30d63f0397880a7cd77896128361ab	102	64	185	43	250	53	47	46	0	49	0	0	0	279	71	104	0	84	179	60	0	143	231	30	0	78	0	43	200	42
7463f4eb258b448ef13c9d537ced9cac	0	0	0	0	0	0	0	0	0	0	0	0	0	229	0	0	0	153	0	0	0	0	0	0	0	0	0	1967	0	0
e594d55f3895dae437dfbfc31c268e07	165	153	0	206	0	115	0	0	0	167	44	6	0	234	31	0	0	0	181	0	0	0	28	0	17	534	73	249	96	41
f7fe5299945864c5d7dc0826c042050f	97	97	252	213	58	67	0	74	0	0	0	59	114	120	32	125	0	54	27	39	179	0	7	0	0	0	32	101	435	139
85f1c66d8e965ed387d0a17887a1ad20	0	0	0	611	0	0	0	0	0	0	0	0	0	0	0	0	318	376	0	0	0	440	205	0	0	0	0	0	0	321
f95ce8689699c6a80f61073b398344dd	0	418	0	208	0	0	0	0	0	0	0	0	0	0	0	0	0	0	0	0	417	1214	0	0	0	0	0	0	0	0
037a29e02b3869580f26eb1ee864bee2	5	0	5	30	7	0	448	146	92	0	267	37	6	11	166	0	0	8	103	4	0	0	42	0	0	701	19	12	0	58
aada584ca5fed4b88144bd78a58cf976	0	872	0	0	0	0	0	0	0	0	0	0	0	222	0	0	298	0	0	0	0	770	0	0	0	0	0	0	0	0
be084311ffa73906dfc000176806be2f	65	95	54	233	58	163	135	231	0	117	65	0	57	54	80	0	0	91	54	0	56	125	88	28	0	66	52	0	169	0
774eed8e5e8bd688c6a2fe03743277fb	0	0	0	0	0	0	0	0	0	0	0	0	1986	0	0	0	0	0	0	0	0	0	0	0	0	0	0	136	0	0
31d3907c0249d62c68eff5f0c0fba5bd	66	130	59	112	28	215	92	54	32	59	72	17	47	104	100	44	47	54	89	7	0	163	47	47	0	195	43	76	55	46
c11bde1138eb7f51d914cd1bb5f30100	149	76	92	199	58	33	24	43	36	101	63	0	29	18	42	47	31	74	97	59	29	235	71	42	0	189	33	90	106	26
c07ef20fbf08691cd223cba17009e12f	122	0	72	0	0	0	0	173	0	90	141	0	129	226	279	0	0	0	62	0	47	0	0	166	0	131	0	257	194	0
a826d2894dcfc0e6ecde62f86c2d272e	0	113	45	134	100	0	0	0	22	46	0	65	64	59	49	68	51	278	110	49	58	298	36	0	0	58	73	30	177	75
d70b980ba7aa62881f84310970f48f96	0	0	0	0	0	0	0	0	0	0	0	0	0	0	0	0	0	0	0	0	0	0	0	0	0	0	0	2046	0	0
4cf00a4bbc806469f8adf3206829b90e	0	0	0	0	0	0	259	0	0	0	0	0	296	1054	0	0	0	0	0	0	0	0	0	0	100	252	0	0	0	0
1b8176a16215497e9533a2046e678168	0	113	185	70	110	0	0	0	0	0	0	0	115	178	0	69	99	163	0	0	80	295	112	0	0	54	0	49	234	0
349d4f244ee16ad41bf691740151b6de	56	51	0	93	20	61	0	186	26	153	82	38	24	15	59	58	35	82	139	44	34	215	0	61	10	219	0	98	32	28
ed7a65083c92c85576b08842b31a3854	0	0	0	500	0	0	0	0	0	0	0	0	0	0	0	0	403	521	0	0	0	247	0	0	0	0	0	0	0	222
85b29de75f1c8f5c6596c1e9b5ce3a04	38	163	128	58	150	0	0	45	39	40	0	32	0	98	27	88	66	172	101	53	57	167	48	32	0	0	0	37	184	65
ee2052989472461b79ea2307d1f6536e	79	125	284	117	37	0	0	0	13	26	14	31	0	105	39	35	58	189	73	52	41	273	122	28	0	0	0	44	0	72
2e3c75c28bfd30a1e975951e8a4d586d	57	99	131	97	46	44	14	18	17	78	31	37	32	114	31	89	39	61	106	57	30	124	91	29	0	119	27	59	101	40
8695eb2034a4a15c59e92da6ddf309fa	39	201	208	102	31	20	0	24	21	65	34	25	9	26	32	175	44	78	82	75	32	103	61	14	0	159	0	22	34	67
029fe291ffdcefce6a1c7d0638b32720	0	199	191	0	0	0	0	0	48	0	0	46	0	23	40	10	0	14	209	0	0	0	372	38	0	0	21	308	0	247
c0b31b31a1d47acfa4b2a6b279ee631b	0	24	43	0	0	222	43	0	27	467	99	52	16	0	36	47	0	50	95	0	33	84	38	38	15	152	36	0	77	48
fcfe3e5b39d6c70547d6c53992d91196	59	156	54	91	10	70	0	74	14	379	57	10	16	101	15	24	11	29	20	10	23	42	76	0	28	99	27	170	52	0
ec5422754ee501aed30cb749508c3cb2	67	183	151	21	39	0	19	8	52	104	53	112	0	16	116	51	26	38	20	20	37	90	84	24	0	214	0	0	117	36
1bbe6de3d342db2a888b2822107e3e29	40	84	0	118	0	308	31	48	0	0	40	0	39	66	120	20	15	36	25	0	0	81	80	0	11	406	35	50	16	26
bf35cc974cf3b6cd1e21b71c51d7ec59	52	58	0	79	0	189	51	72	28	44	60	47	27	67	51	66	31	47	116	0	0	65	60	0	0	200	54	62	54	29
3a9a1e63391182d1fd4ee4d8fcedaa4a	0	0	0	0	0	0	0	0	0	0	0	0	0	0	0	0	0	0	0	0	0	1568	0	0	0	0	0	0	0	0
1fe699d84aa8004586c52c8c65968409	47	155	26	312	16	153	118	190	0	0	0	54	33	37	0	8	0	36	37	0	17	174	9	0	0	77	30	38	0	0
6bd5500880a7e0958d5ee478eb1842fe	86	55	0	56	0	122	73	140	18	65	74	23	20	90	0	0	0	85	75	25	0	34	101	37	0	148	47	82	68	32
aadc066c771a04b93dafaa40a8f7dd1a	45	43	57	63	17	30	81	236	62	109	92	15	0	18	50	40	21	110	75	27	35	77	41	16	0	33	89	9	36	8
36402f6154239da8ce422da64a0bd247	43	0	69	33	0	74	26	34	35	155	53	0	0	84	61	33	22	59	94	0	14	71	72	44	19	306	0	0	31	34
d208cad7c585049e04076ac7df960e7f	40	0	26	0	7	42	128	108	0	139	58	0	33	0	106	0	4	0	5	0	0	0	0	83	0	564	32	0	90	0
b79f2f76cd81e5439d08cfffc0ef69fb	0	0	0	0	0	0	0	0	0	0	0	0	0	0	0	357	581	0	0	131	0	395	0	0	0	0	0	0	0	0
0bff82b6e3ae25ec261841e06305bb21	67	84	123	32	108	72	13	0	40	18	10	50	47	45	0	3	0	68	0	18	89	107	0	0	27	137	0	0	228	74
0f6fba43ca32daded7d51c3b659d2a76	164	0	0	0	0	143	80	134	50	0	63	0	85	46	0	72	18	153	165	0	25	137	82	0	0	0	0	0	39	0
8ca95c7c127cb4b0ec7eb8a2c2b906fa	76	243	38	121	0	0	0	136	0	0	0	148	0	478	0	0	0	42	0	0	0	0	160	0	0	0	0	0	0	0
1675d4f1d32961eefa935ad3d877ebbb	23	19	32	23	0	124	23	126	0	154	77	23	0	87	24	34	23	41	30	0	0	40	52	46	0	336	23	35	43	0
0a287bc1ce690fe0520c9d0cbad2cc64	0	0	0	476	0	0	0	0	0	0	0	0	0	0	0	0	0	588	0	0	0	373	0	0	0	0	0	0	0	0
ce2c0197c761904e62060686ada34ab3	17	44	13	30	0	31	81	86	15	99	135	64	0	104	30	34	14	35	73	0	0	47	66	0	0	184	16	124	21	52
e661a662dbb171e040738a99542c7e1f	17	64	71	59	31	8	0	12	0	16	0	25	82	78	0	74	26	169	36	98	80	167	0	0	16	42	55	23	123	15
6080c38f3a6d846ec7cf86c8f942d38a	0	0	0	0	0	0	0	1309	0	0	0	7	44	0	0	0	0	0	0	0	0	0	0	0	0	0	0	22	0	0
fd2add809dda466e31e079b2424ad390	39	0	145	12	27	12	0	0	21	40	0	0	42	0	21	39	23	83	184	45	14	116	230	16	0	17	0	34	81	121
6093b83c7e9b29eb85fa78cc6014466b	0	174	115	55	0	0	0	0	0	0	0	0	57	83	0	146	0	116	122	65	0	168	149	0	0	67	0	0	39	0
f140b0a0e494958baea9d5d5443ef092	63	0	42	238	0	135	0	159	0	88	49	111	0	0	53	0	0	66	67	0	0	98	0	0	0	0	62	0	115	0
25f9108151677e3ca5099f82f83d1672	30	127	213	134	83	13	0	0	23	0	0	35	27	193	0	32	31	130	0	26	36	103	66	0	0	0	0	0	41	0
e1004e1d3b9dc863b14289686d8aca9a	101	108	51	146	0	68	28	9	40	77	50	26	12	26	84	0	0	41	106	14	22	69	27	71	0	103	39	0	0	24
907ceab78e867d765fa360527608efa1	21	60	94	34	43	0	0	11	28	41	9	30	27	34	19	80	22	98	87	63	31	159	58	8	11	54	24	43	75	37
0820b82d14921828dfa20b56242a48c3	23	47	0	0	39	60	0	34	0	617	34	81	0	48	0	0	0	0	299	0	0	0	0	15	0	0	0	0	0	0
dbc6fe945cfb118fe959a6d580e1746d	32	0	0	0	0	0	0	46	0	83	67	0	0	0	46	122	65	275	45	0	50	84	76	25	23	133	41	0	0	73
fdc1429203b8620199f5ffbd11c315f9	11	0	47	29	0	49	0	96	0	122	101	0	0	69	30	46	0	40	0	0	22	145	24	0	0	205	41	27	92	39
2cd6512f8e611e575850706a04d5d278	0	0	0	0	0	294	403	0	0	0	161	0	0	0	0	0	0	0	0	0	0	203	0	0	0	0	161	0	0	0
9c2061f8bce467b2f67b6171fdb686c3	0	400	0	0	0	0	0	0	0	0	0	0	0	213	0	0	0	0	0	0	0	609	0	0	0	0	0	0	0	0
93f48b5bec6540178be68a39abb52944	81	97	27	139	21	104	48	40	32	34	50	20	7	65	0	35	11	40	53	20	18	59	23	0	0	103	30	12	33	17
53d1949b736adbb12aa02ce4a5481ca3	0	27	0	14	0	161	160	11	0	20	0	0	9	23	43	0	0	0	36	11	0	0	15	0	0	565	49	33	26	0
d285590b127f550f49e66e5afa24f849	14	62	0	97	0	129	82	210	0	33	121	36	0	51	13	12	0	0	0	0	0	19	0	0	0	285	20	0	15	0
316518570e0f5f2e80e9faa739ba61c3	0	42	43	14	0	78	53	0	23	82	54	0	0	35	44	0	29	65	55	0	0	122	73	42	21	320	0	0	0	0
07610e513315d3f9c82ebe73ef886e95	0	102	118	165	0	0	0	80	0	89	73	0	0	47	0	0	0	0	0	0	0	135	79	0	0	305	0	0	0	0
531226013a67083638da99eeaa6c8b89	18	31	25	18	21	97	33	41	19	113	59	12	21	55	31	57	22	42	56	33	0	86	46	17	32	91	23	33	27	26
9d062a61764816fc5e332a2e32acded6	0	184	133	0	0	0	0	0	0	167	120	54	0	0	0	0	0	0	0	0	49	56	0	0	0	331	0	0	0	79
9f85eb683ecfe3d95ac1664056c3cc00	37	36	18	58	5	90	28	79	12	54	83	0	7	67	32	11	14	52	35	5	0	53	28	19	0	180	17	69	36	8
331fc977cac4e84f73ff14b516461247	0	0	0	0	0	0	0	0	0	0	0	0	1125	0	0	0	0	0	0	0	0	0	0	0	0	0	0	0	0	0
88a13bdfec3962b292c5ac6d734c73f4	0	119	126	0	0	0	0	0	0	0	0	0	66	118	0	0	0	0	214	0	0	185	113	0	0	0	0	0	175	0
e0b9a1ec5541f44f2d1e4c642a0271f6	0	48	47	115	0	125	104	98	0	161	0	0	0	0	69	0	0	0	95	0	0	78	62	0	0	113	0	0	0	0
368174ae42dcd28cf26838c88105ff1e	108	62	24	33	0	0	40	30	18	22	74	0	25	37	31	56	0	68	21	34	0	67	72	57	0	127	18	0	58	0
86d5969e793e9a3edd31a2313d4224fb	71	113	0	0	0	285	0	81	0	0	77	0	0	0	0	0	0	0	0	0	0	101	236	0	0	0	0	0	0	100
ac3d76e52124b25cd48e4e6c0f712d0c	14	0	21	16	12	79	38	33	0	69	54	17	0	35	63	25	0	17	71	0	7	50	44	23	6	261	20	31	33	20
0d183f39d90a67d33f4b950837408e4f	0	0	0	0	0	0	57	0	0	0	0	0	41	87	28	0	0	15	56	0	0	0	76	0	0	335	25	269	0	67
6b82039c0bbe4bf49e8740d8ef28aceb	26	21	53	53	0	63	20	7	0	50	65	0	9	46	63	34	29	33	34	10	23	67	56	13	10	161	0	5	30	68
d9922d89754b3a143fa01c2e79aad881	58	45	27	84	18	85	0	27	17	26	30	0	18	59	21	0	18	36	52	0	14	80	0	14	0	160	37	72	28	19
f0ea5c31476ee230236531fe568de02d	0	12	22	11	0	130	43	57	0	40	36	25	10	47	72	13	10	0	52	6	0	36	81	22	0	219	31	12	23	16
96eb875330e760e188ac8c911f2a4dcd	0	13	0	0	10	0	27	0	0	0	0	0	153	0	0	415	0	0	0	0	0	0	0	0	0	259	106	0	0	0
a66dd8d31584930c2b0f811f572dddcf	43	0	84	22	0	44	0	0	0	0	17	0	0	58	0	149	0	55	67	80	46	0	0	0	0	120	0	0	193	0
1e7ffc928f422ed3123ecc37c4cde3c4	0	0	0	0	0	723	0	0	0	0	0	0	0	0	247	0	0	0	0	0	0	0	0	0	0	0	0	0	0	0
0d08f33d808f4e581ba4bbddbbbb13ea	17	33	37	49	28	72	22	32	0	40	23	28	0	51	36	59	0	12	119	27	0	35	38	0	0	81	33	13	23	43
6425a1b20590da5d96746217ea3fe698	47	76	0	25	0	196	48	29	0	110	104	42	0	0	73	33	0	0	24	32	0	0	0	0	0	41	26	0	0	0
2003d1ec28ce8c309e0def69a560e6a9	0	0	0	0	0	0	0	0	0	0	0	0	0	0	0	0	0	102	0	163	374	0	0	0	0	0	0	0	263	0
c59c1588015eaed048e90d3c12c9e5ba	0	0	50	127	0	79	88	26	0	39	0	0	0	51	0	0	0	0	0	0	0	0	87	0	0	271	44	0	0	38
b19ae8a75dd67cbfd20f896b6cddc0f2	0	0	0	0	0	0	66	66	0	30	0	0	0	0	0	0	0	0	0	0	0	0	0	0	0	0	248	488	0	0
5a74d6b5e44b89fa48b595cfda11382d	15	54	28	216	13	0	0	0	17	15	8	0	9	0	13	44	15	101	36	18	29	196	21	0	0	20	0	0	0	11
e0c1f3f16096c3eae6b6c689f495adc3	0	94	156	0	0	0	0	0	0	0	0	57	0	136	0	0	51	0	0	0	61	164	0	0	0	0	0	0	156	0
3f55a8ca784ae7190790023a30cd859c	0	24	41	18	19	31	0	20	0	46	8	9	18	71	0	13	27	115	74	0	0	91	36	0	0	53	17	22	116	0
a3b1814264ec5b0153b9124922f8fc37	0	0	0	0	0	0	0	0	0	0	0	0	0	0	0	0	0	0	0	0	0	861	0	0	0	0	0	0	0	0
21649fb82bff23432fd4467b2308509d	0	0	0	151	0	236	0	0	0	119	0	0	0	0	0	0	0	0	0	0	0	0	93	0	0	253	0	0	0	0
cb1fbebd25000bcf1dd14227d2578c70	0	0	0	0	0	0	0	0	0	0	62	0	0	0	0	100	0	274	0	52	62	90	0	0	0	199	0	0	0	0
90cca7f47b780ce9659cf97e703cdb69	0	0	0	0	341	0	0	20	0	100	0	0	0	0	0	0	0	0	0	0	13	0	0	0	0	0	68	0	296	0
09afbe624f0052a0ec747022227a78eb	167	135	0	83	0	0	0	87	0	0	96	0	0	0	0	0	0	0	0	0	0	0	111	80	0	0	0	0	0	78
6937c17f6728525d01cb5eb740248860	0	0	0	0	0	0	0	0	0	0	0	0	824	0	0	0	0	0	0	0	0	0	0	0	0	0	0	0	0	0
8b09479819baf0c28f96ce11b044c2f5	0	0	0	821	0	0	0	0	0	0	0	0	0	0	0	0	0	0	0	0	0	0	0	0	0	0	0	0	0	0
aa87c95d135ab549b57ad13359a36be5	18	26	15	16	0	17	19	23	0	36	17	0	0	53	18	38	15	15	24	9	0	34	57	31	0	243	47	16	30	0
333eeb7c3b5da675f6404bcd54185cd4	57	45	13	95	9	59	33	35	11	60	27	11	0	12	20	16	7	33	25	8	5	55	21	21	0	97	0	17	19	0
37d748b0279fd55ccd64b148d0d9035e	0	28	47	0	166	0	0	0	13	0	0	0	0	12	0	143	0	0	0	48	55	0	0	0	23	132	38	12	51	39
cdbb43f4e3e74c239f303739ee58369a	0	0	198	0	103	0	0	0	0	0	0	0	0	0	0	0	91	159	0	0	0	249	0	0	0	0	0	0	0	0
b7822602c933038a326f921a25e2430e	32	0	74	17	53	0	0	0	8	22	4	10	14	20	0	26	0	27	128	25	48	42	108	0	0	31	0	0	85	11
1322e2f9749e154c198f51aab5a04f62	0	0	0	184	0	0	0	0	0	0	0	0	0	0	0	0	0	226	0	0	0	375	0	0	0	0	0	0	0	0
aa7bfc236f3638c5ba08640267f1bbf9	0	0	0	0	0	71	0	0	0	77	0	0	98	0	84	0	99	0	123	0	0	0	92	47	0	0	0	61	0	0
797ff21c783f0b14486e86a7e007b554	18	10	18	28	0	76	24	64	0	30	47	0	0	25	36	14	0	14	29	0	12	36	30	22	0	174	19	10	12	0
2db10c53c78527cfba5caa44da949557	0	10	19	18	11	59	18	35	0	71	28	22	0	47	13	13	8	27	57	0	0	39	25	11	3	129	24	5	32	21
66f5ca5e99e5106d4604200bccf4d7b9	19	0	0	0	0	83	50	45	0	24	18	11	0	28	19	16	11	26	21	0	0	27	0	0	0	207	24	25	48	40
a2181dd1f923a9ce6e9df3ff6c61f4d2	0	0	0	0	0	0	0	0	0	0	0	0	0	0	0	0	0	0	0	0	0	735	0	0	0	0	0	0	0	0
352361c531d7ff65424fcb273ce41cd3	69	5	62	0	0	0	44	0	0	302	0	9	0	0	0	0	0	0	0	0	0	0	0	0	14	198	19	0	0	0
6eedc970cde03e4600060ac5a2587400	42	0	102	0	98	0	0	0	0	0	0	0	0	0	0	86	0	70	0	0	0	169	0	0	0	0	0	0	145	0
74d34e925b60424357bc79c13bf3ea8b	0	21	0	26	0	27	9	16	0	88	23	11	0	62	10	18	8	15	122	0	0	28	32	20	0	54	36	25	29	25
bf3ffafca4e62f6a0980b1bce9d88003	0	0	0	176	0	0	0	0	0	0	0	0	0	0	0	0	0	179	0	0	0	350	0	0	0	0	0	0	0	0
6fec2375317ffe174677897350105f58	43	51	12	149	0	18	0	30	0	37	13	0	0	29	21	16	14	21	32	0	0	48	20	0	0	80	12	21	34	0
d46ee2038a931bd556d417f529c4429c	37	0	8	92	0	50	25	0	12	31	29	0	0	51	52	0	0	18	32	0	0	42	19	21	0	117	0	30	10	7
5e19ddf81be82806da1a1601875f9795	17	10	0	0	0	73	9	23	0	31	23	0	0	83	25	17	0	16	38	0	0	0	38	0	0	211	17	20	17	9
0dffae273072cfd3ce7e2dd66b26c353	0	0	0	55	0	0	0	0	0	0	0	0	51	0	59	0	0	46	0	0	18	59	50	0	0	118	0	155	46	18
cbe4b18d3c874a653e61c56ff93b5817	74	65	11	91	0	0	0	0	0	42	34	0	0	90	0	37	17	0	39	20	0	0	0	0	0	58	40	48	0	0
fb492255c795ab71648d7ae1d6c9c445	0	0	0	51	0	36	0	21	0	0	22	0	0	28	16	39	0	24	95	16	0	32	55	11	0	144	0	35	0	37
e260063eafa080a6de25179987260a1d	0	69	11	105	64	11	23	0	0	0	0	0	41	13	0	12	0	63	29	0	0	52	0	0	0	54	0	53	61	0
e258e7e8fc021e4355aef4f0c4761161	0	0	0	0	0	0	0	0	0	0	0	0	656	0	0	0	0	0	0	0	0	0	0	0	0	0	0	0	0	0
19b096e68b374cc0793910367d9c1395	0	72	0	39	0	16	17	0	0	20	0	0	51	58	0	13	0	29	0	0	0	13	0	0	0	82	39	203	0	0
a56953545b7bc750ba23d86b92808396	0	0	0	0	0	0	0	0	0	0	0	0	0	0	0	0	0	145	0	0	0	0	0	0	0	0	0	507	0	0
fd4f6fe7ee8ad672b0d98e405fcb151f	0	105	0	0	0	0	0	49	0	0	0	18	0	33	0	57	0	78	0	70	55	152	0	0	0	0	0	0	32	0
63298803ce9c9b6930afabe42a3c98c2	0	93	34	228	67	0	0	0	0	160	0	9	0	0	0	0	0	0	0	0	0	0	0	0	0	13	0	41	0	0
f2b2d019610029f45bb60f4f8ccc81d2	0	0	0	0	0	0	0	0	0	0	0	0	0	0	0	0	0	0	645	0	0	0	0	0	0	0	0	0	0	0
5c469d10e27fa3021a67579608850ebb	0	64	48	52	55	0	0	0	0	0	0	0	0	0	0	0	0	226	0	0	0	76	0	0	0	0	47	0	71	0
9028bd5ae8bbdcd494cf0c71c96a30c9	87	0	0	0	0	0	0	0	0	0	0	0	0	160	0	0	0	0	0	0	0	0	0	0	56	0	0	331	0	0
f4f473da7f84db704155252cbfd05a7c	0	0	0	0	102	0	0	0	0	0	0	0	0	0	0	0	0	0	0	0	525	0	0	0	0	0	0	0	0	0
d74f1516c10f97cb6c041acd9d735390	0	0	0	0	0	14	22	0	0	0	0	29	0	194	77	0	0	16	10	0	0	0	106	0	31	25	0	53	0	41
6bcaa78ae05e92c1117aaf13b36f2f21	0	0	43	0	0	98	53	0	0	0	73	0	0	0	62	38	23	0	0	0	0	0	0	0	0	154	0	73	0	0
8b1bde7a5afc731f96d200f62dec4b9c	0	18	38	31	0	130	28	67	0	70	63	28	0	0	0	0	0	15	20	0	0	0	0	0	0	90	19	0	0	0
2973955c1aeb3771fa3c1adb241b302d	55	0	0	64	0	69	21	40	0	0	49	22	0	0	0	29	0	18	44	0	0	66	38	0	0	47	0	26	0	20
b547ec55ce223f68b3022ae781fd2c8c	56	39	43	14	28	0	0	0	10	106	28	0	0	0	46	0	0	0	0	0	0	0	0	0	0	173	0	0	0	62
a2a597aa98c622c5f984b3f302ed17d4	0	176	68	109	0	33	0	0	0	53	0	48	0	0	42	0	0	0	0	0	0	0	30	0	0	0	0	0	43	0
6827ea7a084ac684eb16adb10ea88600	0	0	0	0	0	0	0	0	0	0	0	0	0	0	0	0	0	0	0	0	601	0	0	0	0	0	0	0	0	0
f9f5f08e8da4cc9740518223846563db	0	0	17	10	12	0	8	11	0	24	0	0	0	10	10	27	17	69	42	20	18	140	24	13	0	36	20	13	24	32
0626de7503c8146cfb3e9812dab13933	51	15	0	37	0	28	24	42	0	71	0	17	0	17	12	31	0	13	54	14	0	16	19	0	0	106	0	29	0	0
1442af5b43d77ad0cd6b73feea01af87	30	0	43	37	0	21	0	22	0	0	0	17	0	25	11	0	0	37	36	0	0	68	43	0	0	102	50	48	0	0
c8f537371557f6bdf4ff1abf6484270f	0	17	0	67	26	58	145	194	0	0	24	14	0	40	0	0	0	0	0	0	0	0	0	0	0	0	0	0	0	0
cc5053e42aed78a5968b6bc8895dde7c	0	0	0	0	0	85	0	71	0	0	23	0	0	0	51	57	0	29	0	0	0	38	50	39	0	0	0	53	38	50
e11c23cbd3bb0c8a0774162181a15580	0	0	0	0	0	0	0	0	0	0	0	0	583	0	0	0	0	0	0	0	0	0	0	0	0	0	0	0	0	0
f884312e6325827805ad335881c179a9	122	0	100	0	299	0	0	0	52	0	0	0	0	0	0	0	0	0	0	0	0	0	0	0	0	0	0	0	0	0
2c2fea2e525150fe59bc9db32bbace18	30	27	14	94	0	0	0	23	0	17	17	0	0	13	0	26	0	39	21	13	0	29	31	0	0	65	0	32	43	16
48b9f73a2fd0b7da5f66a6c43d6582bd	38	24	23	53	0	0	21	27	0	100	16	0	0	10	7	14	0	22	16	0	0	22	0	0	0	117	0	14	22	0
48e90110fe602bdb336dea543e3bbc9c	64	0	72	0	27	0	0	70	0	60	22	0	47	35	0	0	0	0	28	0	0	0	19	0	0	0	0	0	93	0
7e2a6f0f09bcafba79b5d22a543e589b	0	0	0	138	0	36	67	296	0	0	0	0	0	0	0	0	0	0	0	0	0	0	0	0	0	0	0	0	0	0
ff7ecf5763fe19af8b052db1c7ab0eb0	0	0	0	0	0	210	242	0	0	0	0	0	0	82	0	0	0	0	0	0	0	0	0	0	0	0	0	0	0	0
50e83f8715190175a5218b76141a2510	0	0	0	0	0	0	0	0	0	0	0	0	0	421	0	0	0	104	0	0	0	0	0	0	0	0	0	0	0	0
8308bf23e065d2fe43d610514e72d61f	0	0	0	0	16	0	45	0	0	0	0	0	77	162	0	0	0	21	0	0	0	0	0	0	21	147	35	0	0	0
0e7cd93b8079892022b6ed4b62810146	39	0	0	162	0	0	0	0	0	0	0	0	15	56	0	0	0	0	0	0	0	21	0	0	0	161	0	0	66	0
8eab46739813eb7c237638be711e8a24	13	31	0	0	8	26	20	29	0	23	25	0	29	23	15	37	0	29	42	17	0	0	14	11	0	93	14	19	0	0
bd2acff8377b7354fa5239f72479d003	0	0	0	0	0	34	7	0	0	0	0	0	0	0	16	0	11	0	16	0	0	26	0	0	0	96	0	307	0	0
c8cc513703d3c6e98b095e9458f1313c	0	0	0	0	0	233	269	0	0	0	0	0	0	0	0	0	0	0	0	0	0	0	0	0	0	0	0	0	0	0
bcdc5d377a1b0437d0a42184595c9841	0	0	0	45	0	0	294	0	0	0	0	0	0	0	40	0	23	0	0	0	0	18	0	0	0	0	0	20	0	58
aee0d6f2626271eacf89d2e803440657	0	99	0	0	0	0	0	0	0	0	0	0	0	0	0	0	0	0	49	60	128	0	0	0	0	0	0	0	0	157
e3cff5bbbc9580d9a88a4472fedbc785	7	7	27	4	0	32	0	5	0	19	0	0	16	27	0	40	10	31	45	18	8	34	44	0	0	41	18	22	15	21
52c514fbc0c50090bbedec4205f4c64f	0	0	0	0	0	96	0	66	0	55	0	0	0	0	67	35	0	0	0	0	0	0	0	62	0	0	25	0	79	0
9e79f50483af44379567cc52b77bed72	0	0	0	0	0	0	0	0	0	0	0	0	0	0	20	72	23	64	26	40	0	70	29	0	0	71	0	0	47	18
ca254571100fa8454e693e6f6c887cd3	41	46	17	62	28	11	0	0	0	0	0	0	6	12	14	13	14	57	0	0	13	55	20	7	0	11	0	0	33	12
10bbc9af32c326624189132e97dd410c	0	0	50	32	22	0	0	0	0	101	21	0	31	0	0	0	0	0	45	0	0	67	0	0	0	49	15	37	0	0
3b55de6ff3515692a992b7596724486a	7	3	180	0	23	28	0	0	11	0	0	0	64	0	6	37	0	0	22	0	0	0	4	0	0	0	3	0	57	13
72e05842827c7584905ea88d57d2985f	0	0	0	0	47	0	0	0	0	0	0	0	0	0	0	0	0	322	0	0	0	62	0	0	0	0	23	0	0	0
4a7e112e83765c78a879f6a82869ad87	0	8	5	0	3	12	8	27	0	56	18	7	10	108	11	8	6	0	21	0	0	15	32	0	0	70	0	0	10	10
6301e994e8d9b26ea37c3db191d5b325	0	0	0	0	418	0	0	0	27	0	0	0	0	0	0	0	0	0	0	0	0	0	0	0	0	0	0	0	0	0
0c1f862c50a5580967d4bb76cb7053e5	0	0	0	0	0	74	34	60	0	122	0	0	0	0	36	0	0	0	77	0	0	0	0	0	0	0	0	41	0	0
22026223740aa4b6376f724986d7bf12	30	0	23	0	0	30	52	13	0	111	16	24	0	0	16	16	0	0	24	0	0	0	20	0	0	48	0	0	10	0
2bbc24a32486bb69233c7e2194e8cb05	0	55	0	74	0	0	0	0	0	0	0	0	0	0	0	0	0	88	0	29	0	83	0	0	0	104	0	0	0	0
9e81e567e277f04cb024ad3d32b26749	0	0	0	0	0	0	0	0	0	0	0	0	0	0	0	0	0	0	0	0	432	0	0	0	0	0	0	0	0	0
53218fd1661624eba59f051267b0ef20	0	14	25	51	25	0	19	17	0	0	0	0	56	27	0	22	0	0	26	0	19	36	0	0	20	24	16	8	24	0
6f61e6284f7869995c639446575abf4a	15	0	27	0	0	35	0	23	0	0	27	0	0	11	17	27	0	10	0	0	0	17	43	0	0	150	0	0	21	0
c532e7d37c9122d2d87eba4c98fccd8d	0	44	0	0	0	96	0	100	0	0	58	31	0	0	0	0	0	0	0	0	0	0	0	0	0	67	0	23	0	0
1e39b3c5ca4fa6f09768b82ebaf2f03b	0	0	0	0	0	63	0	55	0	64	0	0	0	22	0	0	0	0	0	0	0	62	34	33	0	78	0	0	0	0
66680207458c0b586aa60a24cf49bc97	38	0	150	0	199	0	0	0	23	0	0	0	0	0	0	0	0	0	0	0	0	0	0	0	0	0	0	0	0	0
e5ea23373104201e1626312061360e51	0	0	0	99	0	0	0	0	0	0	0	0	54	0	0	0	0	118	0	0	0	0	0	0	0	0	0	134	0	0
914ce91b5353311ee0d2f286399feb02	0	0	0	0	0	0	0	0	0	0	0	0	0	0	0	0	0	0	0	0	0	0	0	0	0	0	0	0	404	0
ef919b14f19cdd6de4121350a2c4fc2f	0	0	0	0	0	0	0	0	0	0	0	0	0	0	0	0	0	71	0	0	0	0	0	0	0	0	0	332	0	0
f2e9339c50a843dc2a7225694879c396	0	0	0	0	0	0	0	0	0	0	0	0	0	0	0	0	0	0	0	0	216	0	0	0	0	0	0	0	180	0
84bc8efc6e166ec9be5759fa8c3aa4d1	0	13	0	0	0	9	16	42	0	0	0	11	27	49	0	0	0	0	0	0	0	0	0	0	11	166	0	49	0	0
90f9c784134deda44c83bedec3349fc6	0	61	0	98	32	0	0	0	0	83	0	0	0	50	0	0	0	23	0	0	0	45	0	0	0	0	0	0	0	0
2153abc69cddf1304f8bfbdbe60fb1b0	0	0	21	15	4	49	16	28	0	27	0	7	4	11	0	0	0	0	0	0	0	0	0	0	0	189	5	0	15	0
20a0024d7a4747cf04241bc45ddea4ca	0	0	0	0	0	41	0	0	0	0	0	0	0	31	0	0	0	0	11	0	0	0	18	0	0	239	0	0	33	16
4817495802d8bb79fa4b4e96122e079a	0	0	0	389	0	0	0	0	0	0	0	0	0	0	0	0	0	0	0	0	0	0	0	0	0	0	0	0	0	0
128c0b5518b8f39b1f77990f7524dbaf	0	0	0	0	0	0	0	0	0	0	0	0	0	66	0	0	0	0	0	0	0	0	106	0	0	0	0	0	133	84
808a9312ed67a1434e9b1d6ed3dd6105	0	0	0	0	42	0	0	0	0	100	0	28	0	62	0	0	0	0	0	0	0	0	60	0	0	0	0	0	90	0
3bb2345e75362cce7a3b307870370f33	0	0	0	0	0	0	0	0	0	0	0	0	0	0	0	0	0	0	0	137	143	0	0	0	0	0	0	0	101	0
6974c9b29567f1cfcd613c7c67ffc63a	0	0	0	0	0	18	18	19	0	0	20	17	0	59	0	0	0	0	0	0	0	0	0	0	5	220	0	0	0	0
1f26620dd4cb035201e9f81ad44c7fcd	0	19	0	0	37	6	9	0	16	0	0	0	34	23	0	30	0	48	17	17	23	47	12	0	0	10	16	0	0	7
179e04a2a93df5426bdd83e3e2e7ab2c	0	0	0	128	0	0	0	0	0	0	0	0	0	0	0	0	0	0	0	0	0	0	0	0	0	232	0	0	0	0
b467eede8c471ebc9932bfc67110b1be	19	13	0	31	0	0	0	0	0	0	0	0	0	19	0	25	0	0	0	17	18	0	0	0	11	125	0	9	61	0
23f4c333bc50c5cf2c0f20855d049cc4	13	20	0	29	9	11	11	19	0	11	12	0	7	0	10	8	0	24	12	0	0	32	0	6	0	68	0	17	19	5
dd5c081ff462752e95dd30d7f4e4bb9f	0	0	0	0	0	0	0	0	0	0	0	0	0	0	0	0	0	0	0	0	0	0	0	0	0	339	0	0	0	0
0a62e2eb4acf7fd70cad5878f0215a6f	0	0	0	337	0	0	0	0	0	0	0	0	0	0	0	0	0	0	0	0	0	0	0	0	0	0	0	0	0	0
1bf2082066e0a03f6944662de74845fc	24	0	0	0	0	0	9	189	0	0	0	0	26	0	0	0	0	0	0	0	0	0	0	0	0	22	19	16	25	0
c78b3268eded0d5cb57b376d7e019942	9	5	12	6	25	0	0	0	0	9	0	0	0	28	0	0	6	29	23	14	13	18	24	0	0	73	0	0	31	0
6011623532dbf43c1f3e1c9a0da57418	0	0	0	0	0	0	0	0	0	0	0	0	0	0	0	0	0	325	0	0	0	0	0	0	0	0	0	0	0	0
862f918acd63eeace039314ff2263a39	0	0	0	0	0	0	0	0	0	0	0	0	0	244	0	0	0	0	0	0	0	0	79	0	0	0	0	0	0	0
e3d08a3cbdcf35b09eebcd6001845a97	0	0	0	0	0	0	0	0	0	0	0	0	0	0	0	0	0	0	65	0	0	0	0	0	0	178	0	76	0	0
1d8c7eeed397b34bf933900cbbd442ff	0	0	0	0	0	67	47	0	0	0	0	0	0	0	33	0	0	0	0	0	0	0	0	0	0	131	36	0	0	0
1bb5d947053d69ffec127c749464b488	0	0	0	0	0	0	31	63	0	0	0	0	0	161	0	0	0	56	0	0	0	0	0	0	0	0	0	0	0	0
af97cc81d4c1173f7b0fb89302ff790d	0	5	0	0	0	56	150	9	0	0	0	0	0	12	20	9	0	0	0	0	0	0	0	8	0	29	9	0	0	0
398fcb7395db32c5e81e19d8b53d53f7	0	47	19	32	31	0	0	0	0	0	0	0	32	0	0	0	0	41	0	0	0	42	0	0	0	27	0	0	32	0
7dc46beae6fa78ac2a820a02c468bda9	0	0	0	79	0	0	0	222	0	0	0	0	0	0	0	0	0	0	0	0	0	0	0	0	0	0	0	0	0	0
5cbd2acc987546e18a26cd46a8ee639c	0	9	0	0	0	41	23	23	0	27	33	0	0	0	0	0	0	0	39	21	0	20	15	25	0	0	0	0	22	0
a12704bddf4bd366c29473d44b5c1139	0	0	0	136	0	0	0	0	0	0	0	0	0	0	0	0	65	95	0	0	0	0	0	0	0	0	0	0	0	0
7e1f9607285a304d717cb8e5006d4c23	16	22	8	33	26	48	13	0	0	0	0	0	0	0	8	0	0	0	0	0	0	0	28	0	0	41	0	25	25	0
eb019512ba2ddaa5fc1bcd170f2cef7f	0	6	0	6	0	28	0	20	0	0	13	0	21	22	6	6	0	0	9	0	0	25	19	0	0	54	19	23	9	5
1f1f2b8e38201b112d19c822be96c984	0	116	0	0	0	0	0	60	0	0	0	83	0	0	0	0	0	0	0	0	0	0	0	0	0	0	31	0	0	0
9056dd6768c29efe7d8d5f3f3376ddc7	40	0	0	0	0	0	27	43	0	0	28	0	0	42	0	0	0	0	0	0	0	0	27	0	0	37	0	28	0	0
b518c4898e9d39ddb3d865db081618c2	23	0	0	21	0	39	14	0	0	19	38	0	0	0	7	0	0	0	33	0	0	18	24	0	0	23	0	0	0	8
881b85a378927fa7c9a9e7c11c199e80	0	0	0	38	0	0	0	0	0	0	0	0	0	0	0	0	0	64	0	0	0	87	0	0	0	0	62	0	0	0
28a6b6108cff1310e90394cdbf3e2e4c	0	0	0	0	0	0	0	0	0	0	0	0	0	0	0	0	0	0	245	0	0	0	0	0	0	0	0	0	0	0
80c34998585bb045bd59817290199190	0	26	0	122	0	0	51	0	0	0	0	0	14	0	0	0	0	0	0	0	0	0	0	0	0	31	0	0	0	0
703b22f3084bf027e3cdba4edc15eb9c	0	66	0	21	0	0	17	0	0	0	0	5	0	24	34	8	0	12	12	0	0	26	0	14	0	0	0	0	0	0
0d0974ccef9c30a10e88b6c32144ed58	0	15	0	37	0	0	0	8	0	9	12	0	0	0	19	0	0	24	18	0	10	17	17	0	0	40	0	0	12	0
a41fa5e4faa8b4b5d585d4a49b6952e9	0	38	0	0	23	0	0	0	7	0	0	0	13	19	0	0	0	17	24	0	9	6	15	4	0	7	6	6	22	22
9fe56be12f61aba3969236b8cfd1712a	32	6	0	0	0	14	20	8	7	16	22	4	0	0	8	18	0	5	0	7	0	20	4	0	0	24	0	9	6	7
f9b61c80a16264decfa549e46d36e85c	0	0	14	7	6	0	0	0	0	0	0	0	0	13	0	11	0	14	9	0	0	17	10	13	7	113	0	0	0	0
a1fa16f2db38108ce94abe90af7b13d8	0	0	0	228	0	0	0	0	0	0	0	0	0	0	0	0	0	0	0	0	0	0	0	0	0	0	0	0	0	0
5ebb5c797da972dda226f95b40d5b934	0	0	0	0	0	0	0	124	0	0	0	0	44	0	0	0	0	0	0	0	0	0	0	0	0	38	19	0	0	0
4fd5e4fab1104517574e5fcb9e2ec4e3	0	0	0	0	0	0	0	0	0	0	224	0	0	0	0	0	0	0	0	0	0	0	0	0	0	0	0	0	0	0
4c00f2c0e1519ea1c51456f79d27c5a4	0	0	0	0	0	0	0	0	0	0	0	0	0	0	0	0	0	0	0	0	0	0	0	0	0	0	0	223	0	0
f184a6921fac75ed620980fdf9af1194	0	54	0	17	26	0	0	28	0	63	0	0	0	0	0	0	0	0	0	0	0	0	0	0	0	0	0	0	34	0
97bada86980a67de484bfeecb8ad8326	0	0	0	0	0	0	0	0	0	32	0	0	0	0	0	0	0	0	0	0	0	38	0	0	0	150	0	0	0	0
6151dfdae0ed34dbd2b914958da974dd	0	0	0	218	0	0	0	0	0	0	0	0	0	0	0	0	0	0	0	0	0	0	0	0	0	0	0	0	0	0
2992c3fcfcf38bd669c9edd847d7f230	0	0	59	0	0	0	0	0	0	0	0	0	99	0	59	0	0	0	0	0	0	0	0	0	0	0	0	0	0	0
04692910cded1dfe19a643df3add7932	0	0	0	0	0	0	214	0	0	0	0	0	0	0	0	0	0	0	0	0	0	0	0	0	0	0	0	0	0	0
35010999c57dad98a671073caa37bb86	22	0	0	0	0	0	0	0	0	0	0	0	0	87	0	0	0	0	0	0	0	0	0	0	0	43	0	0	22	21
193d188335b4942d0ab4b77deb7b7d4b	10	0	0	0	0	18	0	0	0	18	0	0	0	0	0	10	21	17	18	0	0	24	13	0	0	29	0	0	17	0
ff0def5aaf60dc65a3225b810166b12e	0	0	0	0	0	0	0	0	0	0	0	0	0	0	0	0	0	18	50	0	0	0	127	0	0	0	0	0	0	0
27a371fd8b96cab918e1a925e9ab12a1	144	0	0	0	48	0	0	0	0	0	0	0	0	0	0	0	0	0	0	0	0	0	0	0	0	0	0	0	0	0
b66ec73594dc61765c499f1e1fe5f716	0	44	0	0	17	36	0	0	0	0	0	0	0	0	21	0	0	18	0	0	0	24	17	0	0	0	0	0	15	0
23885d56307b44852560d856e1afb27a	0	0	0	0	0	0	0	0	0	0	0	0	0	0	0	0	0	0	141	0	0	0	0	0	0	50	0	0	0	0
b3f936e6cbd2c8508bc98bb304bb37b1	0	0	0	0	0	0	0	0	0	0	0	0	0	171	0	0	0	0	0	0	0	0	0	0	0	0	0	0	19	0
d798e457bac181da375fda211bfff97f	15	34	21	9	37	0	0	0	0	8	0	0	11	0	0	0	0	26	0	0	0	16	11	0	0	0	0	0	0	0
e434c6c005de19f421775a70181884e1	0	0	57	0	0	0	0	0	0	29	0	0	0	49	0	0	0	0	0	0	0	0	0	0	0	53	0	0	0	0
9797c3d45ac44f3e456093b79e9bfa2a	0	0	0	0	0	0	0	0	0	0	0	0	0	0	0	0	0	0	0	0	0	0	0	0	0	188	0	0	0	0
9d7d37b788713c8bd97c9094a8ce732b	0	0	0	32	0	0	0	0	0	0	0	0	0	0	0	0	0	0	0	0	0	0	0	0	0	31	45	74	0	0
5a5e04b6cf0621e00d09626c36ee86d9	0	0	0	31	0	0	0	0	0	0	0	0	0	0	0	0	0	0	29	0	0	0	0	0	0	119	0	0	0	0
fcfab546634e10be9800b9a4118b8dc9	0	0	0	0	0	0	5	0	0	0	0	0	10	0	26	0	0	0	27	0	0	0	7	0	0	0	0	0	90	13
0286bafc778be7760f0ff3e9199f9a25	0	0	0	40	0	0	0	0	0	0	0	0	22	0	0	0	0	42	0	0	0	0	0	0	0	0	0	74	0	0
b3f1463bd372651a891378c3a6cddafb	0	0	0	0	7	29	0	0	0	112	0	0	0	0	0	0	0	0	0	0	0	0	0	0	0	29	0	0	0	0
4f8a6c9054c5833005aae4d2154d489f	0	0	0	0	0	0	0	0	0	4	0	25	51	0	39	0	0	0	0	0	0	0	6	0	0	14	0	12	0	23
ddbefff2496ee051e3b7fa0db755a2ca	0	0	0	61	0	0	0	0	0	0	0	0	0	0	0	0	0	0	38	0	0	0	0	0	0	42	0	0	0	25
559ba803e27372fd90949df7276d7b7f	0	0	0	0	0	0	0	0	0	0	0	0	0	0	0	0	0	0	0	0	0	0	0	0	0	0	0	157	0	0
e7130cf91f8a8117557abcdb0d757d54	0	71	0	46	25	0	0	0	0	0	0	0	0	14	0	0	0	0	0	0	0	0	0	0	0	0	0	0	0	0
ae7ae3e677153fac3b5e95e2a2aca9e4	0	0	0	0	0	27	27	16	0	8	0	10	0	21	7	0	0	0	0	0	0	0	0	0	0	25	7	6	0	0
1a2ec455dfbf41a34c9df4d8ed6c271a	0	0	26	0	19	0	0	0	10	0	0	0	0	0	0	7	0	16	0	0	0	25	12	0	0	12	0	0	23	0
7b37c42973e6443da52b1480d3dcf99d	0	0	0	0	0	28	0	0	0	0	26	0	0	25	0	0	0	0	0	0	0	0	0	0	0	70	0	0	0	0
064e3a4e42018bd008b3b5407633751c	0	0	0	0	0	46	0	0	0	13	22	0	0	0	0	0	0	0	0	0	0	0	0	0	0	62	0	0	0	0
f67ad55badd81886f283f3fc150c90d8	0	0	0	0	0	0	0	0	0	12	10	0	0	17	14	0	0	0	0	0	0	17	0	0	0	73	0	0	0	0
65e11acf3bc9b4cbaaee58794e2f2ec9	0	0	0	0	0	0	11	0	0	0	0	0	89	0	0	0	0	0	40	0	0	0	0	0	0	0	0	0	0	0
3c92275b64192f31a190c4d6b60001ba	0	0	0	0	0	0	0	0	0	0	0	0	0	13	0	0	0	127	0	0	0	0	0	0	0	0	0	0	0	0
04b2416eedb298d15b0466c204905b20	0	0	16	0	0	0	0	10	0	0	0	0	0	20	0	0	0	0	0	0	0	0	24	0	0	21	0	0	11	33
615685b7f03118021a8c7e6777882ea5	0	0	0	0	21	0	0	0	20	0	0	0	0	0	0	0	0	0	0	50	43	0	0	0	0	0	0	0	0	0
e7ce40b96326b4c45cce49ae3d286a0b	0	0	0	0	0	0	0	0	0	0	0	0	128	0	0	0	0	0	0	0	0	0	0	0	0	0	0	0	0	0
cb2c39a535860df1e0e9e88cb7888f38	0	0	0	0	0	0	0	0	0	0	51	0	0	0	0	0	0	0	0	0	0	0	75	0	0	0	0	0	0	0
339c217c21337357bb07dd8e952fc736	0	0	0	0	0	0	0	0	0	0	0	0	0	57	0	0	0	66	0	0	0	0	0	0	0	0	0	0	0	0
a4c61d535793417f6f6ab9eae2463f12	0	3	16	0	0	0	15	34	0	0	4	0	0	0	0	0	0	0	0	0	0	0	0	0	0	24	0	14	8	0
0643b14e2a83990419336aa49cb3b27e	0	8	10	8	12	0	0	0	0	4	0	0	0	8	0	13	0	11	0	14	8	19	0	0	0	0	2	0	0	0
34676f35315ec89c0c6ca942cdf19783	0	0	0	0	0	0	0	0	0	0	0	0	0	0	0	0	0	0	0	0	0	0	0	0	0	0	0	113	0	0
1c8f10c6b2fff0454efedcb579d80f5b	0	0	0	0	0	0	0	0	0	0	0	0	0	0	0	0	0	0	20	0	0	42	0	0	0	27	0	0	0	24
c45c5ccfab72e9c2ebe81d962c87898c	0	0	0	0	0	0	0	0	0	0	0	0	0	74	0	0	0	0	0	0	0	0	39	0	0	0	0	0	0	0
6e9f96bf2b9f156dfc370c597b377191	0	0	0	0	0	0	0	60	0	0	0	0	0	0	0	0	0	0	0	0	0	0	0	0	0	49	0	0	0	0
669c92c4b1a054e277dbb27375cba06d	0	0	0	0	0	0	0	0	0	0	0	0	0	0	0	0	0	0	0	0	0	0	0	0	0	0	0	109	0	0
e7bcb5e95b42c98c077b100ae4a9a5ed	0	0	22	22	0	0	0	0	0	52	0	13	0	0	0	0	0	0	0	0	0	0	0	0	0	0	0	0	0	0
ef832aa9271ed06d6bdf1138d1d00dca	0	9	0	24	0	0	0	0	0	0	0	0	0	9	0	0	0	0	12	0	0	0	0	0	0	53	0	0	0	0
ec9f5a2967674e2f90ea3954e2944145	0	9	0	15	0	0	4	14	0	16	6	0	0	0	5	0	0	0	0	0	0	0	11	0	0	18	0	8	0	0
8aaa38eae526216e2a1a7ec15a69acd8	0	0	0	0	0	0	0	33	0	22	35	0	0	0	0	0	0	0	0	0	0	0	0	0	0	15	0	0	0	0
d32b4b85f78eb17fdd909e32e688622a	20	0	0	0	0	0	0	0	0	24	0	9	0	0	4	11	0	0	15	0	0	0	20	0	0	0	0	0	0	0
d3b48c7a979c5ef203ff9beda3a426d8	103	0	0	0	0	0	0	0	0	0	0	0	0	0	0	0	0	0	0	0	0	0	0	0	0	0	0	0	0	0
ac84ffbad1b183ca472fe782f385100a	0	0	0	0	0	0	0	0	0	0	0	0	0	49	0	0	0	0	0	0	0	0	0	0	0	14	0	39	0	0
d8d245eeca388883a82aaa3d47c73e96	0	25	13	9	0	0	0	0	0	0	0	0	0	8	7	0	0	0	10	4	0	10	10	0	0	0	0	0	6	0
3aff78260a59b8706e4e7480f813ddfa	0	0	0	10	0	9	0	0	0	0	0	0	0	0	0	7	0	0	11	0	0	15	0	0	0	25	0	0	16	8
58f039e9b3e1539468bc83989a0e824b	0	0	0	0	0	6	0	0	0	0	12	0	0	0	0	13	0	0	14	0	0	0	16	0	0	32	0	0	0	8
53ddfd946663b10fed72508ccccae322	0	0	0	59	0	0	0	0	0	14	0	0	18	0	0	10	0	0	0	0	0	0	0	0	0	0	0	0	0	0
1e78c3492f7a655d29a22467860131fc	0	0	0	0	0	0	9	24	0	27	0	0	18	21	0	0	0	0	0	0	0	0	0	0	0	0	0	0	0	0
3d668e41425d59778c96b83f922ab851	0	0	0	0	0	0	0	0	0	0	0	0	0	0	0	0	0	0	0	0	0	25	0	0	0	33	0	40	0	0
a2ff1e0b400a09094f7fe86b8f08e49d	6	12	13	0	0	0	0	0	0	0	0	0	6	0	0	12	0	13	0	0	0	17	0	0	0	9	0	0	9	0
a9d6992acc5bce457020b62e250ed07c	0	0	0	0	0	0	0	0	0	0	0	0	0	0	0	0	0	0	0	0	0	0	0	0	0	0	97	0	0	0
996573e4a99f597488350eb45dd363e0	0	0	0	0	0	0	74	0	0	0	0	0	22	0	0	0	0	0	0	0	0	0	0	0	0	0	0	0	0	0
4bc5fc4383f41f5c7b98cc01b6f5c309	0	0	0	0	0	0	0	0	0	0	0	0	0	0	0	0	0	0	0	0	0	0	0	0	0	0	0	95	0	0
9782bf97743920dbfad3a3a1cc0deeec	22	0	0	0	0	0	0	0	0	0	0	0	0	0	0	0	0	0	0	0	0	0	0	0	0	44	0	23	0	0
74a814065277ed26e606538c1d4898d7	0	0	0	0	0	0	0	0	0	0	0	0	0	0	0	0	0	89	0	0	0	0	0	0	0	0	0	0	0	0
3195fc0cedb1d1f97e0cd8baa87c9ddd	0	7	13	8	0	0	0	0	0	8	0	0	0	20	0	9	0	0	0	0	0	0	0	0	0	0	6	0	10	3
72d6ddeb60679dd2e2844fe039e1a760	0	0	0	0	14	0	0	0	0	0	0	0	8	9	0	0	0	0	0	0	0	9	0	0	0	36	0	0	6	0
1df11f954c5739e51313d49fa39c00d7	0	0	0	0	0	0	0	0	0	0	0	0	0	0	0	0	0	0	0	0	0	0	0	0	0	0	0	81	0	0
c01bcd0fce78cbb3e5f12440aeec6aa2	0	0	0	0	0	0	0	0	0	0	0	0	0	0	0	0	0	0	0	0	0	0	0	0	0	0	0	77	0	0
2c6dfb7a10772590ee902b361a4d4eaf	0	0	0	9	0	0	6	0	0	0	0	0	47	0	0	0	0	0	0	0	0	0	0	0	0	0	0	0	0	14
c4aaa26ed7f1e968bf0711371919740b	0	0	0	0	0	21	0	0	0	0	0	0	0	0	0	6	0	8	0	0	0	18	22	0	0	0	0	0	0	0
42529b81e7d84012ab16cd71041e67e1	0	0	0	5	2	0	0	0	0	0	0	7	3	0	0	7	0	0	6	0	0	8	0	0	0	13	0	16	4	0
aee3699ba3b27f13c8a88919d46aa72c	0	0	12	0	27	0	0	0	10	0	0	0	0	0	0	0	0	0	0	0	0	0	0	0	0	0	0	20	0	0
72b927243c06df7333ec446473855b4b	4	0	10	0	0	0	0	19	0	10	0	7	0	0	0	0	0	0	0	0	0	0	0	0	0	4	0	14	0	0
61602441fe4b6f2b36be40c311fa9cb3	0	0	0	0	0	0	0	0	0	0	0	0	0	0	0	0	0	68	0	0	0	0	0	0	0	0	0	0	0	0
ab0b78445a54df766c12448fa0ad6d49	0	0	0	0	0	0	0	0	0	0	0	0	0	0	0	0	0	0	0	0	0	0	0	0	27	0	0	39	0	0
655235da2763f5e61fcd9c28c68b3e92	0	0	19	47	0	0	0	0	0	0	0	0	0	0	0	0	0	0	0	0	0	0	0	0	0	0	0	0	0	0
8238e39e4e969bf178cb2a97371f1e9c	25	0	0	0	0	0	0	15	0	0	0	0	0	0	0	0	0	0	25	0	0	0	0	0	0	0	0	0	0	0
769572afbbbe0c2488408c286b40678a	0	0	0	0	0	0	0	0	0	39	0	26	0	0	0	0	0	0	0	0	0	0	0	0	0	0	0	0	0	0
6e8fabc5251039e4ace65b9b23633432	0	0	0	0	0	0	0	0	0	0	0	0	0	0	64	0	0	0	0	0	0	0	0	0	0	0	0	0	0	0
59b17c1cd2e1fa86064869f5bdbea8c4	0	0	0	0	0	0	0	0	0	0	0	0	0	0	0	0	0	64	0	0	0	0	0	0	0	0	0	0	0	0
0f56b92256ad85b9703fdfdf06a35518	0	0	0	0	0	0	0	0	0	0	0	0	0	0	0	0	0	0	0	0	0	0	0	0	0	0	0	62	0	0
9f8e0a9b0a1805ba3252972d33c4a089	0	0	0	0	0	0	0	0	0	0	0	0	0	0	0	0	0	0	0	0	0	0	0	0	0	51	11	0	0	0
e84bea8ae61342674744560dd7de4721	0	0	0	0	21	5	5	0	0	0	0	0	0	12	0	0	0	0	0	0	0	0	0	0	0	0	7	2	9	0
f4e1150cd7de43776b87bcd09f13d9de	0	0	0	0	0	0	0	0	0	0	0	0	0	0	0	28	0	0	0	0	0	0	33	0	0	0	0	0	0	0
e25ebb2cffe4b93a9cf27238776f27fe	0	0	0	0	0	0	0	7	0	0	0	0	0	0	0	0	0	0	0	0	0	12	5	0	0	35	0	0	0	0
ea2b0e4a93c24c6c3661cbe347f93b74	0	0	0	0	13	0	0	0	0	0	0	0	0	18	0	11	0	0	0	0	0	0	0	0	0	11	0	6	0	0
c9644b472d8c58ba257a45faccdbca76	0	0	0	0	0	10	0	13	0	0	0	0	0	0	0	5	0	0	0	0	0	0	0	0	0	29	0	0	0	0
fdf5dcbf4921f80ab096d659e2b798da	0	0	0	8	0	0	6	0	0	0	0	0	0	0	0	5	0	0	8	0	0	9	0	0	0	12	4	0	5	0
339edbbb7f9a5e66f3b15b5c1e8584a0	0	0	0	0	0	0	4	0	0	0	0	0	0	4	0	0	0	5	0	0	0	0	0	0	0	33	0	11	0	0
1ae19117308e0e8165f07e98f6ee3171	0	0	0	0	0	15	0	0	0	0	8	0	0	0	0	0	0	0	0	0	0	0	0	0	0	23	0	0	4	5
d24e113cd61ef8841d9b05596920d4d8	0	0	0	0	53	0	0	0	0	0	0	0	0	0	0	0	0	0	0	0	0	0	0	0	0	0	0	0	0	0
818562cf52c91a824a97eec5175f6fe4	0	0	0	0	0	27	0	0	0	0	0	0	0	0	6	9	0	0	0	0	0	0	0	0	0	0	0	10	0	0
3dd793c274500634f52d87b4a73fc3c4	0	0	0	0	0	0	0	0	0	0	0	0	0	0	0	0	0	0	21	0	0	11	0	0	0	0	18	0	0	0
8a5d86863905fd2220208e88b8c97f46	0	0	0	0	0	0	0	0	0	14	0	0	0	0	0	0	0	0	0	0	0	0	0	0	0	36	0	0	0	0
f44868f6f3630c085ff385f365b0ef43	0	0	0	0	0	0	0	0	0	0	0	0	0	26	0	0	0	0	0	0	0	0	0	0	0	10	12	0	0	0
0da5e2fc09c9a8837a0424004a8eaabf	0	0	0	0	0	20	0	0	0	0	0	0	0	0	0	0	0	0	4	0	0	0	10	0	0	13	0	0	0	0
539ca948741b9a713eb781d4281b23fc	0	0	0	8	0	0	0	6	0	0	0	0	0	7	0	0	0	0	0	0	0	0	0	0	0	26	0	0	0	0
9d4862d621662414933af7585a2d6d8c	0	0	0	0	7	0	0	0	0	0	0	0	0	0	0	0	0	21	0	0	0	18	0	0	0	0	0	0	0	0
4803a13912b8c94aa1d22f81fecf5a8f	0	0	0	0	0	0	0	35	0	0	0	10	0	0	0	0	0	0	0	0	0	0	0	0	0	0	0	0	0	0
f526010a8f9e7089f3287a43668dc69f	0	0	0	0	45	0	0	0	0	0	0	0	0	0	0	0	0	0	0	0	0	0	0	0	0	0	0	0	0	0
b67300d6c9ffdddfac3fe8b59da79e13	0	0	0	0	0	0	0	0	0	0	0	0	0	0	0	0	0	0	0	0	0	0	0	0	0	44	0	0	0	0
e1b7f3093411de2d7561b264369f6b32	0	0	0	0	0	0	0	0	0	0	0	0	0	13	0	6	0	0	8	0	0	0	0	0	0	17	0	0	0	0
29c89215e92fdd70baab81756382bcee	0	0	0	0	0	14	0	0	0	9	0	0	0	4	0	0	0	0	0	0	0	0	0	0	0	14	0	0	0	0
095f798bbd3b95e6d01ec0ccda2dcedc	0	0	0	0	0	0	0	8	0	22	0	0	0	11	0	0	0	0	0	0	0	0	0	0	0	0	0	0	0	0
92cb6851e70b44f4050703ae32081c96	0	0	0	7	10	0	0	0	0	0	0	0	9	0	0	0	0	0	0	0	0	10	0	0	0	0	0	0	5	0
973883205d558dd6e69aacb73008cb07	0	0	0	0	0	18	0	0	0	0	14	0	0	8	0	0	0	0	0	0	0	0	0	0	0	0	0	0	0	0
61f36b02d16bd60a33617b1eaf571c89	0	0	0	0	0	0	0	0	0	0	0	0	0	0	0	0	0	0	0	0	0	0	0	0	0	0	40	0	0	0
943f77c04891ac62d38e6d3d92440c13	0	0	0	0	0	0	0	0	0	0	0	0	7	0	0	0	0	8	0	0	0	0	9	0	0	0	0	0	15	0
b5d337ff926f39e64e998aa4a116f7f8	0	0	0	0	0	0	12	0	0	0	0	0	16	0	10	0	0	0	0	0	0	0	0	0	0	0	0	0	0	0
64f6aa54a3b8c87bd57a73461f6b0cc7	0	0	0	0	0	0	0	0	0	0	0	0	0	0	0	0	0	0	0	0	0	0	0	0	0	38	0	0	0	0
b637b946de292a35e911dc1bdd9f5ddf	0	0	0	0	0	0	0	0	0	0	0	22	16	0	0	0	0	0	0	0	0	0	0	0	0	0	0	0	0	0
7b856fdb3c5f6dabb2c4a55226548fc9	0	0	14	0	0	0	0	0	0	0	0	0	7	0	0	0	0	0	0	0	0	0	0	0	0	0	0	0	16	0
5707b18357dbec4a2372f79440d58f58	0	0	0	0	0	0	0	0	0	0	0	0	0	0	0	0	0	10	0	0	0	18	0	0	0	0	0	0	9	0
e42e3696b6f82035aaf2e58c07d3846c	0	0	0	10	0	0	0	13	0	0	0	0	0	0	0	0	0	0	0	0	0	0	0	0	0	13	0	0	0	0
16487eacf936dd400e0cc10bd3e73cc0	0	0	0	0	0	0	0	0	0	0	0	0	0	0	0	0	0	35	0	0	0	0	0	0	0	0	0	0	0	0
fb81602acb8d3401b959f0d3f856dfc3	0	0	0	34	0	0	0	0	0	0	0	0	0	0	0	0	0	0	0	0	0	0	0	0	0	0	0	0	0	0
8f880452d98f67e430f8ec54099a347d	0	0	0	0	0	0	0	0	0	0	0	0	0	16	0	0	0	0	0	0	0	0	0	0	0	18	0	0	0	0
81bf0f869e26b60c1d88c2d9df3079ed	0	0	0	0	0	0	0	0	0	0	0	0	0	0	0	0	0	0	0	0	0	0	0	0	0	0	34	0	0	0
88644825ec935d823cf2d73669b64bb4	0	0	0	0	0	6	0	4	0	10	0	0	0	4	0	0	0	0	0	0	0	0	7	0	0	0	2	0	0	0
6028241ec2c53e13c65d4f34acf8252a	0	0	0	0	0	0	0	0	0	0	0	0	0	0	0	0	0	0	0	33	0	0	0	0	0	0	0	0	0	0
c3081b30363fb1adeb7f42d4d55f50ea	0	0	0	32	0	0	0	0	0	0	0	0	0	0	0	0	0	0	0	0	0	0	0	0	0	0	0	0	0	0
bd3cd4ee1a630c6d8aa58baf268edb7b	0	0	0	32	0	0	0	0	0	0	0	0	0	0	0	0	0	0	0	0	0	0	0	0	0	0	0	0	0	0
90949bb38f58e92949ab8504aff01df1	0	0	0	0	0	0	0	0	0	0	0	0	0	0	0	0	0	0	0	0	0	0	0	0	0	0	31	0	0	0
d59e97fb048a33948cdd04847f8fa75d	0	0	0	0	0	0	0	0	0	0	0	0	0	0	0	0	0	0	0	0	0	0	0	0	0	0	0	30	0	0
9b502f05e2f79c120d325d6a1c8083fc	0	0	0	0	0	0	0	0	0	0	0	0	0	0	0	0	0	30	0	0	0	0	0	0	0	0	0	0	0	0
f48a1f611db9718c81bbfbd38ab655f3	0	0	0	0	0	0	0	0	0	0	0	0	0	0	0	0	0	29	0	0	0	0	0	0	0	0	0	0	0	0
cddafb8f3fc6a470bde9de3a04d7bda6	0	0	0	0	0	0	0	10	0	0	0	0	0	0	0	0	0	0	0	0	0	0	0	0	0	18	0	0	0	0
c1aac0eaf4f7245f30c20993a7a3e946	0	0	0	0	0	0	0	0	0	0	0	0	0	0	0	0	0	28	0	0	0	0	0	0	0	0	0	0	0	0
56fae2adf28d25802a31bba52bcb6e3b	0	15	0	0	0	0	0	12	0	0	0	0	0	0	0	0	0	0	0	0	0	0	0	0	0	0	0	0	0	0
388a3f608a968be8a363ba7865c52773	0	0	0	0	0	26	0	0	0	0	0	0	0	0	0	0	0	0	0	0	0	0	0	0	0	0	0	0	0	0
d14f1aea70f7b49dce8305741dca3b0e	0	0	0	0	0	0	0	0	0	26	0	0	0	0	0	0	0	0	0	0	0	0	0	0	0	0	0	0	0	0
1577b23440d27bf8038f0e80aefba07a	0	0	0	0	0	0	0	0	0	0	0	0	0	0	0	0	0	0	0	0	0	0	0	0	0	0	0	0	11	15
088394da3d7c5cbd1ee7fd629e988555	0	0	0	0	0	0	0	0	0	0	0	0	0	0	0	0	0	0	0	0	0	0	0	0	0	18	0	0	0	7
890bf81ef1d5c29cdfad4bc71f6658f9	24	0	0	0	0	0	0	0	0	0	0	0	0	0	0	0	0	0	0	0	0	0	0	0	0	0	0	0	0	0
de8dcc7acd7aa0be8261ca8418260120	0	0	0	0	0	0	0	8	0	0	0	0	0	0	0	0	0	0	0	3	13	0	0	0	0	0	0	0	0	0
3ef481b51807741d507a59240c10db72	0	10	0	0	0	0	0	0	0	0	0	0	0	0	0	0	0	0	0	0	0	0	0	0	0	14	0	0	0	0
eda770fe4e953ab4b76d431a5c1b814d	0	0	0	0	0	0	0	0	0	0	0	0	0	0	0	0	0	0	0	0	0	0	24	0	0	0	0	0	0	0
6c8b98cdb4a6d1b35f9aaf3d26bfd735	0	0	0	0	0	0	12	0	0	0	0	0	0	10	0	0	0	0	0	0	0	0	0	0	0	0	0	0	0	0
b98d04b1bf8138c1ada0bd02c4e2676b	0	0	22	0	0	0	0	0	0	0	0	0	0	0	0	0	0	0	0	0	0	0	0	0	0	0	0	0	0	0
7537846e571d35d8bb2ae1445138df90	0	0	0	0	0	0	0	20	0	0	0	0	0	0	0	0	0	0	0	0	0	0	0	0	0	0	0	0	0	0
6797f125d0f2b270677f6cc8b3d2d018	0	0	0	0	0	0	0	0	0	0	0	0	0	0	0	0	0	0	0	0	0	0	0	0	0	6	0	0	14	0
7466c4456b5c76fa5057a2d26981b74a	0	0	0	0	0	0	0	0	0	0	0	0	0	0	0	0	0	0	0	0	0	0	0	0	0	0	20	0	0	0
a650f349bbdffb95b3624519d1ba72b8	5	0	12	0	0	0	0	0	0	0	0	2	0	0	0	0	0	0	0	0	0	0	0	0	0	0	0	0	0	0
945e28c5be23b42f028eb26245cc414d	0	0	0	0	0	0	0	0	0	0	0	0	0	0	0	0	0	19	0	0	0	0	0	0	0	0	0	0	0	0
2dd0f0747ffac592fbfdd61f632cb87a	0	0	0	0	0	0	0	0	0	0	0	0	0	0	0	0	0	0	0	0	0	0	0	0	0	18	0	0	0	0
69c7a8c4b56e49365fca134e9a04e47c	0	0	0	0	0	0	0	0	0	12	0	0	0	0	0	0	0	0	0	0	0	0	0	0	0	0	0	5	0	0
d07eab0ee7cfa68bf60b431ee4f6cf17	0	0	0	0	0	0	0	0	0	0	17	0	0	0	0	0	0	0	0	0	0	0	0	0	0	0	0	0	0	0
717f03bd4640b9441c75a0ba664e5513	0	16	0	0	0	0	0	0	0	0	0	0	0	0	0	0	0	0	0	0	0	0	0	0	0	0	0	0	0	0
3d5e613f198d00d7b8e1c46e313d0da5	0	0	0	16	0	0	0	0	0	0	0	0	0	0	0	0	0	0	0	0	0	0	0	0	0	0	0	0	0	0
89bebe18fc0fbacc6d8416003b0d2741	0	0	0	0	0	0	0	0	0	0	0	0	0	16	0	0	0	0	0	0	0	0	0	0	0	0	0	0	0	0
68231471ec9079e54e760da96273437e	0	0	0	0	0	0	0	0	0	0	0	0	0	0	0	0	0	0	0	0	0	0	0	0	0	0	0	15	0	0
e7037dc2701d6b9666d2c0dab6110ae7	0	0	0	0	0	0	0	0	0	0	0	0	0	0	0	0	0	0	0	0	0	0	0	0	0	0	0	15	0	0
145ebc1f8ab3b2896eb631008973c0b4	0	0	0	0	0	0	0	0	0	0	0	0	0	0	0	5	0	3	0	0	7	0	0	0	0	0	0	0	0	0
9ba1632594ffce258a6d7ae7a0e65691	0	0	0	0	0	0	0	14	0	0	0	0	0	0	0	0	0	0	0	0	0	0	0	0	0	0	0	0	0	0
7f5ccf208f039f84a83212610f2992a0	0	0	0	0	0	0	0	0	0	0	0	0	0	0	0	0	0	3	0	0	0	0	0	0	0	0	0	11	0	0
9f17479185681627eb3229081ff4467f	0	0	0	0	0	0	0	0	0	0	0	0	0	0	0	0	0	0	0	0	0	0	0	0	0	0	0	0	14	0
c97f577ac90dee06e2b4f9a17522ef28	0	0	0	0	13	0	0	0	0	0	0	0	0	0	0	0	0	0	0	0	0	0	0	0	0	0	0	0	0	0
ffc98387f444f4fbd6f9cecf911f90c5	0	0	0	0	0	0	0	0	0	0	0	0	0	13	0	0	0	0	0	0	0	0	0	0	0	0	0	0	0	0
db2f4634be3ae90a3bee2ebabe4bb962	3	0	0	0	0	0	0	9	0	0	0	0	0	0	0	0	0	0	0	0	0	0	0	0	0	0	0	0	0	0
89363c2c5b0a7751104ab4f1557eb1c2	0	0	0	12	0	0	0	0	0	0	0	0	0	0	0	0	0	0	0	0	0	0	0	0	0	0	0	0	0	0
ae5ca310f50239f81d490e61edb9bd28	0	0	0	0	0	0	0	0	0	0	0	0	0	12	0	0	0	0	0	0	0	0	0	0	0	0	0	0	0	0
750b0687634ab4727634edd7a2742116	0	0	0	0	0	0	8	0	0	0	0	0	0	0	0	0	0	0	0	0	0	0	0	0	0	0	0	0	0	0
76ac4f139b257ed4238b069f63f691bb	0	0	8	0	0	0	0	0	0	0	0	0	0	0	0	0	0	0	0	0	0	0	0	0	0	0	0	0	0	0
8d0b215f165609c7fbf4f05f16401c65	0	0	0	0	8	0	0	0	0	0	0	0	0	0	0	0	0	0	0	0	0	0	0	0	0	0	0	0	0	0
ce7fbebf6653823170f11ba99b75ee39	0	0	0	0	0	0	0	0	0	8	0	0	0	0	0	0	0	0	0	0	0	0	0	0	0	0	0	0	0	0
18e51e6df252e1a27af2e7b90be9301b	0	0	0	0	0	0	0	0	0	3	0	0	0	0	0	0	0	0	5	0	0	0	0	0	0	0	0	0	0	0
985bb91bc4589412f59105a3fbf3eadf	0	0	0	0	0	0	0	3	0	0	0	0	0	0	0	0	0	0	0	0	0	0	0	0	0	4	0	0	0	0
67db2b5dd7b661c6101b3241790688a5	0	0	0	0	0	6	0	0	0	0	0	0	0	0	0	0	0	0	0	0	0	0	0	0	0	0	0	0	0	0
71ab5a8f7b6e36f8b81b4b927e9d9e81	0	6	0	0	0	0	0	0	0	0	0	0	0	0	0	0	0	0	0	0	0	0	0	0	0	0	0	0	0	0
684e36f4a4ca5d922ae44c53c5fbf386	0	0	0	0	0	0	0	0	0	0	0	0	0	0	0	0	0	0	0	0	0	0	0	0	0	6	0	0	0	0
149c244a1699bc322b5fdb40f2490a40	0	0	0	0	0	0	0	0	0	0	0	0	0	6	0	0	0	0	0	0	0	0	0	0	0	0	0	0	0	0
545fbaa7a2296990169c2f980d4ece15	0	0	0	0	0	0	0	0	0	0	0	0	0	0	0	0	0	0	6	0	0	0	0	0	0	0	0	0	0	0
42b8e4f5c4e20443eb73d35ef10960ac	0	0	0	0	0	0	0	0	0	0	0	0	0	0	0	0	0	0	0	5	0	0	0	0	0	0	0	0	0	0
a73d0f87d181d3de4f6ab7cca8178ebe	4	0	0	0	0	0	0	0	0	0	0	0	0	0	0	0	0	0	0	0	0	0	0	0	0	0	0	0	0	0
563d7689477443e0afcea8355b9ce704	0	0	0	0	0	0	0	0	0	0	0	0	0	0	0	0	0	0	0	4	0	0	0	0	0	0	0	0	0	0